619831
777018
698141
823851
1480366
998433
522494
298223
387864
1085997
271946
936130
375398
1006347
938153
277858
420777
870542
440825
252525
803537
699141
1088398
304797
872937
294672
890329
1032120
1520024
934363
1174466
1285630
1488738
111297
355002
670163
1048776
716722
497382
598045
1200523
995679
1124850
617880
458640
734298
372088
360974
506868
377204
1326152
842068
164542
542324
431786
687362
950658
500627
581526
674783
300126
341527
477521
893560
177224
941292
681227
518130
1579464
656034
464697
873069
281945
609771
337586
817106
516202
713992
736953
833196
577305
622340
271126
704836
505003
793575
342922
1146412
1345679
699426
317749
592110
1469467
306829
591473
436214
867950
397660
745248
582011
691572
919976
213298
864969
1015958
249791
725754
845718
555837
831982
625000
415708
1268760
471177
1272723
419660
679012
1126530
1159840
141758
276492
408152
846947
603502
756690
504324
976522
1037318
887130
756507
968132
469689
849427
692791
246980
963725
656796
196974
1211530
718618
696061
700105
479063
490811
930409
177874
979521
1052755
735228
326954
492991
650516
583430
382534
1000403
508180
385071
569031
1289408
1070136
469458
208026
728402
1195586
961473
1170100
599859
1161961
288516
449592
647732
568238
673078
431603
506836
243538
317984
365679
353990
741957
473792
939370
952670
357983
341307
1033190
724100
474530
218059
678027
433610
1009644
798300
483836
294162
1625350
432911
1064155
997430
198575
661482
339748
872456
767384
106576
860460
955524
260876
558400
241150
317920
727029
558738
995913
788144
886221
629760
424700
1253568
531225
538559
758024
819084
1491822
365870
1183638
258053
439460
502031
809832
393001
233627
520778
547430
483362
503246
536039
307444
506279
991261
455273
600189
284157
440612
424988
310132
1186850
1096294
1156739
1157227
1168077
509390
698922
289771
587368
1031215
562926
1085483
807707
941404
505757
714643
996368
506656
1093038
541074
917119
612742
809341
896707
351490
188099
644414
996312
596989
423036
310117
825155
691173
591184
266052
280300
509651
611389
734567
555309
1058543
687855
427439
490240
470210
1276343
577587
642835
312556
438627
446759
353799
633876
642890
441049
71630
522262
1108216
663080
572310
1066484
521416
676989
614191
763770
305320
791223
1016356
476767
869905
1000600
1001600
745255
831167
733783
465307
332927
1243187
680435
625920
551828
732120
332259
480981
887430
279970
510488
508726
962030
266528
677419
589966
443755
849792
700132
1052646
386164
403474
217480
1197400
1284206
857652
572746
466292
639200
1029001
523759
269810
822545
987674
994845
482325
382343
1498764
498218
620008
785620
1155433
853377
196767
1019001
556501
454122
602044
773327
827483
846730
329776
534457
704755
1358706
1357806
624948
487165
322677
397771
1193141
547351
760892
706431
346630
945150
724657
317424
385005
986946
1226130
807618
696691
686916
961282
397899
471545
670754
835161
1053318
184495
218003
1120761
787808
310183
866900
935549
540736
716880
1228546
508627
262550
290710
831928
1006450
521566
360228
1322256
282037
1202163
545861
244356
515729
1005740
1011167
762841
713179
1192800
633967
1459344
574203
700683
696180
325433
744746
1120237
452063
806266
1222449
866504
927643
416155
818341
432503
721999
328854
466999
772615
448567
441018
709415
105474
224305
654461
575508
510695
852443
1022553
647233
936335
499379
914196
1197493
473140
831343
614829
650349
1587865
830193
1113584
673206
258982
730302
893724
876738
1208727
367205
654512
1112623
974703
1037756
428232
1056947
1137210
772357
557838
780195
1072813
763728
385563
567714
782071
985065
607591
1124839
873671
911638
783241
330500
137218
568614
1246453
222232
573322
709680
578190
1073333
1335713
793433
830195
1217749
717727
1207813
545887
943974
1078038
807774
915916
383989
648790
648445
671207
1033489
170154
1227995
475531
647815
1126154
810367
619323
1037420
616866
693273
882385
1046945
1589857
759028
875106
838003
154477
421972
735155
557560
451588
537237
218945
1160483
302132
688476
200911
947310
412169
629691
1154076
601392
236158
778180
939378
473324
227212
797163
463639
663740
841202
620758
649715
679592
232155
497034
262835
560934
412741
196317
667044
424608
1309583
292306
962392
149906
932592
361930
1020889
463516
652265
621319
322970
488612
599771
164196
413581
587836
526817
847104
1447334
1247583
843802
234496
424790
513065
1406652
729703
338196
435872
818374
281509
917903
306709
612378
338608
441871
491259
1127201
1359995
670390
771005
751179
1079648
409160
311432
742915
434646
529311
850763
1520642
568258
154175
612194
506648
174254
480364
488008
1089163
1091032
1188742
236487
553155
952052
930045
1148522
684871
742911
779297
492565
883689
221566
350083
959712
184789
859190
636242
565200
540837
630673
569667
1044134
679102
74438
987957
479948
291847
770767
653892
1108896
513749
790493
1349784
355179
1142518
510635
994998
518431
622837
601523
379059
426611
832226
37342
428788
792411
267857
507706
68147
709533
405951
469098
702520
908461
529072
482245
1937559
756011
138288
964305
730783
977777
989844
710355
455525
1692994
490137
754056
542107
542516
277931
736432
411174
614475
603169
413620
339605
492397
245128
934306
539228
1113873
511833
473274
620773
349174
612891
336475
752732
996487
288120
278221
705010
770301
1126524
156604
822384
582815
729455
1209576
778741
977662
801380
837625
1435702
980310
925537
1573894
715129
338588
166215
752309
826038
1056501
666327
1157816
909445
845896
1082150
286434
441815
325791
445523
1000149
699669
1027918
254150
462867
1007858
1059801
913992
1075503
336208
517034
356022
608365
916890
425232
474418
599165
202682
170374
787094
945780
196035
423415
642453
868636
840479
1528007
907743
1266995
391039
568455
648009
806274
845424
788909
756489
706023
1089112
394759
522930
438160
513632
1513221
698327
962809
782715
485101
1222830
1165046
498146
706233
674243
1014337
787291
65200
1364122
567001
296194
762381
205303
834852
268967
466947
763090
719618
776581
888578
320322
1339885
750534
281228
618604
687683
386647
310704
514126
768647
479116
1239762
883999
649812
802244
609264
1340256
852147
950298
965638
642222
551983
561672
446885
535685
293294
529457
223249
959112
524401
614866
268389
669553
704346
620567
614397
660924
360285
765265
518248
822039
1159172
823685
534646
515186
559442
794603
567632
307801
399715
781920
285551
701807
783682
577508
837348
476262
660348
1004804
238893
990138
200134
867367
578900
994210
942837
1269176
1111755
1029322
519748
589806
232441
1084699
699518
892149
665825
86998
305111
984840
554462
329805
795194
557544
785834
1153762
1025692
1421330
1649129
208225
773564
660326
601810
654634
408722
165579
325359
1010549
161125
57914
798095
979335
287507
664072
342142
419481
931371
518861
914968
529144
732271
329152
704509
365708
364707
185670
1076834
762163
967865
465019
390594
1396485
793299
1351230
770201
1707028
787177
787198
680060
818712
470434
405146
470466
900044
653156
665947
651840
637406
980896
484062
616655
249650
701422
595210
689642
354051
507120
135864
627639
1379876
357630
465200
309441
773824
687759
1381804
508203
598322
651748
168665
568199
763527
1014174
1000671
396165
529525
514142
837818
944047
356070
263731
1233448
1007404
520193
339563
486632
8993181
6018063
7152786
4305322
4630742
2408086
8232241
8155644
6195295
5487697
1268966
7596233
3756966
2407961
3001905
2194724
5843723
2413726
2112065
3873502
1861046
3577013
1264194
3912177
3228799
6103961
2143553
1597406
6066917
4713205
3801407
2349956
4863982
3070039
2541104
2739362
3237298
8544024
1323001
6209931
586988
1194577
283931
123954
8090895
1094746
2362205
4957217
1849781
1495009
4677496
594065
1405630
4159929
6310839
1769389
500536
3929362
4414030
3955483
3914006
787743
3979585
4405905
6412700
7452787
1658051
5172509
874052
5264407
1050710
4257828
3770719
2618127
1735575
3843670
2311050
5898137
3366367
2654314
6661508
3951505
6328710
1770679
1709995
448928
3818344
3166885
8605073
5020261
960613
2411993
1182806
1260719
3355869
3151955
5665226
1384352
3459624
1343542
4656614
4004058
3657664
2801227
3721798
4827665
1921859
3425778
1615940
8085663
3634054
2310644
2531742
3281941
5473258
7077952
4683018
1138367
2209526
3497681
144703
4297630
2935119
2074482
5318482
1411484
4477518
4118199
8230878
6798975
3090019
8579715
450143
3410819
4192682
2812215
1209942
5005101
6691673
4738120
3896716
978670
5832121
1976206
7708660
1687512
2867729
105747
6194612
4333602
3873211
3543165
4612302
4741659
5591977
1290770
5457140
4688632
3852400
1850863
2103994
6186827
4951557
2620902
330670
6064800
7138895
560754
8028788
3061668
5642452
5960747
2366426
3442686
2313396
3170412
6097432
1259466
2057533
1141749
4259524
2294998
2004923
2753784
836882
7225199
5076599
6064918
6178627
3120078
6992228
1271415
937192
2784085
5135261
5309632
352344
3359948
889062
5264883
5017736
3954039
6110000
4819366
4544572
495416
5128672
5424456
4097375
69780
6767890
7146608
5062261
5926018
95088
3800395
2043675
3923005
2044762
4206996
523597
5942983
2560820
3072917
2241877
6892273
4055603
3318932
1768669
2525336
2203159
4193696
5196450
800297
4354060
3931326
4919632
5501846
6948681
2110502
1738204
2336367
2212989
2548506
4541488
1148746
3903590
1607138
3806596
8902695
6554325
2262253
5582840
6195175
3190552
1541788
692257
8135429
3818666
3322708
808250
8563798
4179298
7038507
2894092
4271304
1655779
5314797
2900409
6734630
1561265
4131909
3910552
1459553
3112511
881502
1429272
6273721
915384
4041075
5713534
5497194
5493914
2479426
1629827
1349471
9236212
1506527
5638174
3916734
5647978
5676296
4744140
3962264
3091912
447568
3979295
1564788
4315585
5653059
1475555
3453136
5189946
2667925
1036846
8488545
3390266
5926606
2203416
2597700
4377859
2631639
5024046
3848481
7280918
5703306
1051768
3730142
2102490
3404631
4020768
6322273
976324
2143087
5695995
3444358
3838841
1573457
3483751
7174307
1873165
2267895
2398977
5383092
3660840
3988105
2855799
605573
1155334
4259143
4516360
4398660
6208842
2667688
5593041
5221356
5586632
390608
6510119
5685442
3952422
7718467
2466153
4220857
459146
6456205
3429321
5478732
772414
5597127
297868
4470165
4213112
1549353
1189505
2580745
3253483
4138764
273325
6808391
6236920
1189754
4544374
2987884
2563833
1738307
5455986
1869604
2743758
3937673
2993040
2629461
7301073
6615139
4325084
3086387
3198681
7648362
2295698
5127907
7385434
6631093
909249
4875101
2888001
5015746
2477804
2666230
7877743
4344195
4297489
7896809
2217532
2609296
3729454
5494290
3057721
558713
591488
120672
4127204
7416200
3132635
4369548
3929161
2400944
1999134
2835336
3859490
5359076
2068861
5862504
3504293
1139072
902924
813789
7742082
6266128
6408156
1203691
4784535
6868441
2388878
4219668
3688407
1741447
1178594
5465248
4653532
1835378
4793364
6607300
1678728
4639590
5009276
3194877
2477635
941157
2191067
5127472
3005616
1000941
2856228
1445976
2004487
5090159
4494061
395604
2768376
1295260
8659190
4430930
1404137
3655120
5931475
314558
3794160
2975876
6640236
5294184
3402031
636436
3531607
3857765
5786416
1940826
4818175
5668377
3846692
1388496
3057871
506193
1817747
1109532
76395
6844042
2173868
2558919
3430051
3502468
7142399
4423637
434736
1025220
4227818
4223697
5717891
73771
2498026
2322612
4044241
6170546
4937625
3844144
5725032
4090244
7285366
6605949
1725963
1871619
1196019
3405380
1942033
5000429
1562768
1666565
6053407
1065308
4492017
3848172
4382512
4169151
2103555
4205409
1439794
3232403
3949168
8739134
8314025
4465039
2927439
454025
4340275
3025990
7288524
4540674
3411893
7863196
6018492
2069955
2818897
3470295
3345066
3100986
3324205
1581946
3913481
6074191
8467098
8701573
3163545
5111723
4316422
4729939
2287366
2842464
1723074
2717349
2465245
8200000
3937684
6428064
4809070
5121084
8808387
3876182
1318228
4618167
4784333
3946058
136364
2472148
5729887
3599165
2688837
4063220
1455877
1824298
2562093
1367332
5109231
4655585
2031967
3684896
5103143
1695850
760262
6182684
4925355
3945057
1345382
3601894
1379441
2214513
2057875
6586298
588764
1285771
3954864
2273916
3646617
590632
2235380
8744364
3406829
6074628
3662749
6260446
4700169
6756962
844301
4363716
3331733
6136379
4310538
5099138
3923737
1360271
7126239
5466978
4738481
1866883
3288665
1208202
7931869
4078185
527275
1979068
5727046
3920920
6135932
6446533
8353713
10607642
7627717
2105012
31365
5813222
2810181
2757352
2709494
505266
5598871
2841048
2538494
264949
6115631
7018006
1547025
3553896
1144688
5056880
6582492
4637328
1944816
1250864
232977
1761544
4385240
6455138
1340733
1056422
1509226
3828314
3897487
3770365
2533788
2091456
3098917
1355040
5061397
3915270
7393998
5012270
4037526
3481994
6010090
3785206
4411259
7394932
1662416
920001
5552984
4310086
3903170
3324669
8919253
1816136
1823064
7375867
2899445
1537504
2140849
5671765
1120538
2195465
2446542
6957296
5546591
3698732
6764099
3840243
1508186
1245119
2293352
4213734
1721718
6465275
1122167
3522100
2462298
1150432
7464679
933503
2252182
2147246
6181641
2093584
422343
302098
5119677
5336749
4767268
3064655
5605545
3513830
2231375
4778069
2490421
4604210
4365686
3472742
3209879
3161672
1161682
2126665
2392233
3922372
4305252
1408309
579041
1567805
2212369
3037001
4343823
3471145
6262552
920884
2561801
3667502
1011504
1017309
1296717
2991279
1589488
3148918
7775242
2373811
5027446
643910
1928113
1877962
5178644
1546246
4351572
5142552
5592048
4870637
8119985
9705491
7280131
3650740
5842146
6293218
531450
8845643
5291074
5697586
3047503
4648477
3719513
2356108
7773238
7924118
2267051
4462413
2911952
1022273
2143926
2603250
3959207
3358738
1270300
2979372
4086575
9520987
5288931
3382471
5265437
1172806
4102582
7223235
6414429
1203848
2289373
5841618
951456
5092084
4155065
1061461
5081872
4281426
1267646
3824706
1612211
4918535
2702937
1535677
10158539
4386628
5111369
5080280
4492257
3700914
4610388
6286016
3917307
3729051
2468763
7594010
2730445
7400678
1011447
7932155
2690635
2605885
5789086
4624940
5011372
2239667
1000925
5683897
3336655
3983406
3472319
10308231
1648255
2154056
5402720
335667
4000305
1506772
6174194
3931932
3449199
5493775
4140751
4678821
2478832
3193596
1353097
3518184
4459838
2026206
2750261
2299344
2433365
5815858
5668808
4584568
3754443
3289544
2882730
465789
5636256
2809461
1893263
676016
4188304
4516152
4791988
10566902
627155
7049757
6225631
6321522
746773
3684343
4446522
2582698
2078668
6573016
2564050
879699
5132434
6211711
7392419
5234925
1876518
5711756
3653398
2555806
5099552
1089985
233411
3851486
4834975
3430844
4475280
8451850
3252115
1789357
2362253
819302
750286
7065997
3862035
4592497
3818830
2411439
2396833
4564727
2572864
4641608
7971133
6381878
924846
5734669
3182116
2800278
2536913
57158
5323428
5422565
2849255
6049916
2649607
4360178
3991244
1149813
4459950
2767472
1285741
5956243
8617442
1229400
649457
4734549
6356496
3970537
4112639
2358469
83235
2194576
3570913
3046589
5254981
6771364
2693642
2225877
4394455
5521940
3426832
4045401
6606365
1736044
5119696
7189546
6215485
7703812
7357760
2633726
4018613
5342003
5902968
2113562
5429976
2979947
5092951
1714920
7789159
462209
3303957
4101551
4239753
5921274
2529402
4982713
2972123
3956028
3439672
2360884
6829908
371145
7147069
971327
1229611
4972472
2726478
3013670
1697749
2422061
6696372
4979193
1909887
2719393
8053917
3974754
2376958
4279741
2631466
2340307
2215256
2780279
3256705
4901207
3568132
3446814
8647437
3554388
3045134
3594106
725807
2115343
4436000
1933401
247657
4351882
2713916
2435191
6755036
2855734
1802125
3358491
1389749
6088272
10229388
5367347
6787585
5247131
4193389
5806282
3074482
5693243
1350601
2461836
270657
2043211
3698697
4432718
649275
3118028
1718232
2830247
3596696
7605216
2603377
1151101
620632
2789733
3860548
2456887
2996684
3129436
4742572
7560548
2306950
1447580
2224017
6735524
6180426
3496932
3981142
3676637
4991330
774617
3851390
9137420
4121098
2030045
5025518
5141586
3041461
1592022
3282534
813741
2712162
3542876
3619640
3673123
518564
3157728
6583088
6781561
4341805
4700490
377947
2496312
5036801
7516984
7812315
6061884
6963674
2850743
3197099
1072226
3550053
1968657
1420841
1644739
2871399
6113697
2451285
4501903
944504
1355224
4335414
829268
2937396
4977761
1701450
2581954
4775452
8973798
4641053
4801613
494168
5765553
2670478
1353825
1763342
4806602
9595868
1886087
978530
3304619
1604880
7381148
2364796
1896498
6310237
6356021
4807774
2076141
154517
886344
2522713
6927072
2226367
3178983
8166192
1359298
5458396
374508
2838651
5711963
3785755
4079400
6779351
2351324
2823830
4493907
6592885
1187977
1599545
341816
6168821
7093578
2131738
3365475
2120820
3427055
6996570
8518993
1259963
6516031
1529482
6272541
3014333
6606100
3596879
8187852
2984808
2511009
6806714
2660769
5473627
1907565
2950220
5133297
6402911
4794073
4212548
2675901
4009619
7539591
10536221
3207739
1722463
435754
4334487
5063491
1718744
5474240
4720147
2345231
1698821
2496495
1531142
7742995
4029855
2653239
3586717
3112744
4529222
3286764
4787869
4774114
659513
1660597
365009
5078844
2721511
4566808
3488918
2717743
3273316
2147839
2429575
9234985
1890874
2884117
1734899
4984625
2292718
2009592
9611967
2189164
6439660
3527411
4899763
5924022
3127784
1287035
6117507
2878710
3293389
2865866
4808131
1775341
3928759
8315065
1900263
7805791
2381873
5516117
8919990
7294243
3495392
1891949
3308263
3073317
3586033
2515511
2768467
6271596
9837025
2690621
5635766
5981268
6439692
3008289
2993446
6032861
2896018
4951040
5268299
3790001
4344063
1253086
1910640
5244848
2778902
5771354
5352255
3734867
4846221
569082
6286663
3270682
2762878
985960
6224863
8949018
3590097
1913885
2354431
9223662
6013541
5695630
5488285
1923500
4467526
4313643
2649060
3567761
3978747
2774197
618499
356473
3185200
9752569
168716
2505186
2170272
2343898
6255648
3016496
2808990
2514989
546200
8050317
5249068
9891119
10057807
1183346
7531892
764800
7103643
6900184
2926497
2244555
1834180
6270430
3738122
5014840
1617262
2425602
1001232
2283916
3388459
1422132
1407291
4947743
3574322
4002642
4990724
3669293
4468050
4092044
9002968
4407717
3063746
1743721
253483
3976052
3016754
7479989
3851763
3183904
907591
10275458
5188563
3837740
821047
1521637
2820394
1736868
4759293
5160288
4113987
3937714
2190474
2754093
3309973
6712170
4438948
4245361
4220831
5047745
4622015
4751848
4906716
3545668
4931585
3084748
6705131
4511514
842548
2438605
3587435
3472508
1355016
3086775
2372366
7343310
1602913
1099514
3074656
3801622
9999590
1563808
4291998
1192941
6386067
4048102
3233496
3002662
5406757
4982137
5047252
233288
3500360
3585613
3174007
3273661
10954867
4178598
7393179
4159453
8497256
1455051
4780218
1385980
7822695
3763214
2639625
9973232
2133184
933780
4768739
917906
1639087
3057004
1736491
2208839
2693754
6660202
7691068
3666250
1789411
3121532
3435802
9317158
4965119
3014523
1839091
9146386
3344040
5655166
3805396
5393729
4467630
1664926
8622721
6054831
5686213
3855656
494393
2730519
10548049
4186628
7162591
1836739
666992
2504201
261597
1858851
1323865
3722682
1001848
1126081
1867342
2314497
9605231
2481521
6427663
2117488
6290079
10545149
329822
1764317
4150368
3026316
2483775
3124563
4717503
86570
6783570
2855514
1236484
733540
2389558
5254395
5053354
4447652
5316791
6955077
4659720
7530104
3089693
9023181
3894976
4901560
7890357
5395941
1417590
1562304
1153052
8762529
5003687
946063
2441552
2738833
1710515
10427373
2339622
4021803
2089806
5793547
7696549
5957517
5419093
10905793
2041087
2229806
3442433
4257393
4318165
1449040
4272519
4607504
2990056
2106306
5611390
4649276
5483403
5341798
1651248
7470976
4416912
3470760
1387472
5615692
7781542
2629115
1020983
593370
4998791
5275130
3363278
1917815
1819096
1007894
4390914
2188185
5164993
2410128
2852909
3716316
5092272
4461053
1686403
1528998
2281909
3613832
10658910
3218009
8157037
9705718
5183231
1507076
10796565
4310432
4787201
5034250
3298030
2399261
1487812
4240633
402442
3357618
2528961
3003423
10325078
5859089
5376034
2627090
1426972
4189997
3440026
4595289
3153298
1416153
3881893
6232432
2667012
3637416
3083641
2407375
5387263
1847975
4949933
5311859
1987703
2731500
2685938
1214377
4544234
10207362
3225429
3280469
5988272
11254832
4469703
7245632
3138419
2198882
1242285
3807187
1103830
4860486
2539823
5549240
1413419
4331852
1408477
4912423
2734293
9361359
4725671
947028
3523374
701317
5747502
4678313
4071266
2292178
3387075
3825039
3121911
8520253
3669675
5527074
3893260
3922900
1535012
3155822
3973236
5912280
752208
1078574
1239619
4144546
3944128
6143641
2777532
7098348
1447625
1378939
2768639
2244207
4084721
5023635
3308411
3160790
4193286
2955769
1380845
3960081
7063355
2493265
570085
4351940
1863523
4588726
1512778
3262060
6099352
1300368
10046897
10944264
5136867
7822159
6795781
4801370
6099061
2594223
877369
6405566
1195572
8822127
1800094
919079
3372062
8068533
7466692
5757688
6293507
8872294
6918615
2658770
3074786
3328753
2660292
2338936
8379499
5435255
4890360
5759600
2643025
5615172
1713182
4774992
1283121
2975312
2257574
2115647
2996318
2718290
5444935
1685235
3419225
1736322
3804222
3826724
3191443
6390483
4115305
3748678
1491861
2924583
3575618
6003027
4502178
2459133
4561631
560223
6459517
7732689
2615358
146652
3099441
3642448
4162250
3734083
1271758
7640487
4185642
3139860
2527848
2810479
7953885
4059834
5463225
1564442
1561398
147116
858687
1456675
4602359
3082139
700834
3452425
7542342
1972140
5332940
4824616
4378358
10029377
5795649
3397830
1434909
1854301
3140163
2549418
8256646
1014262
4151597
3289378
4503268
949333
4353915
2083233
5434874
6271909
2307387
6271795
1577817
5420690
9743063
3572405
653987
930726
6502221
2310584
8527932
4496930
2678310
3523398
5455304
2351594
3910793
4053922
2639264
9495827
3825845
1659990
4583072
9150521
2869969
3149926
4841901
6492135
1688223
2823769
8237036
4306491
1884550
4403012
2061057
7244542
1324862
5812951
4069061
6289679
4208612
1755139
5005352
10221728
3808860
4075452
6978658
3837300
2549322
1049993
1297496
3177318
4668361
1785901
3818025
1958272
3158027
222096
1191303
8160347
1585332
4217774
3381810
4150250
2582351
3091912
572717
4108590
1244133
5477563
2813866
4837274
8138569
807304
4301752
2183930
5714153
227860
4153016
3550572
3127091
2358863
7637790
5922680
6865598
1407736
3089692
7714838
301119
2480594
1745492
7080854
8054303
1060920
4798774
3993997
8733434
8308493
971344
3340347
4528419
1039201
1589665
2048984
2588768
6822367
6115749
3732335
5078731
3396598
1773400
3995379
481681
8743354
1736039
2314909
4808114
4192598
8075893
92054
5535943
5524623
4224840
2420642
2815365
5382609
3780220
7680535
1647125
2240760
6759802
1466720
10232592
5092618
1813306
2986001
1361954
2786406
4533247
1700188
1591888
2001149
1368417
3968102
6364853
2840407
1960452
3836987
516741
2481008
1101884
8855458
3242655
3478769
2449060
11983572
1921562
2971426
5892634
2613354
2222329
2039214
6604998
1201045
8372810
1578476
3926875
1992266
2476274
3447096
2077326
5691835
3881282
144263
3551066
3299897
3207309
4640647
1677201
5099214
8081118
4191895
4054784
2536331
1494657
1010333
4040764
4094534
3409434
1527167
6673909
4918916
1204797
4421578
1551351
4174533
590231
4898091
3436030
1497215
4511743
168586
3573210
1645287
3846571
2656436
5666093
3336865
2239648
1729602
6282918
3401445
697280
159871
10714752
7740249
1216070
7813248
9296592
12509023
2753894
6935227
5176208
612226
11644484
8313282
9011123
3778851
10454585
10336392
8018029
3447641
7971209
4794971
4801356
8165345
1680029
7295346
9651678
6736785
11774142
6481622
6417537
1869015
4644304
6422156
7003422
8470429
5902868
11766422
7053787
1703493
4120027
2936321
12264737
4069690
9252388
7379269
5221319
10593385
5147626
6651401
10823168
487789
4363193
8714105
6781309
4846637
2333977
7604243
14650739
2330235
5300034
6047511
4975029
5713989
3005586
8245731
13238511
5767267
7880599
14474260
11283478
2552217
8109856
6510145
8546779
2570747
5591990
4597396
5356484
7483830
2176829
7298727
407925
11943238
4283191
10268895
6328763
9066788
1639398
9698234
7689142
7717086
11429719
7370285
360197
6067043
7902143
7106983
2410864
1289084
10150273
7065592
2670931
5919818
5020936
1200267
12348577
2769547
1501706
1202320
7936915
5002336
11628437
3167365
4028962
7220378
4196345
12773647
13327749
4665366
6590427
3771885
14089608
261814
1530417
10169796
2577615
8155371
881578
639856
6574698
4418683
7086007
2914500
5268463
8852385
8030745
6212631
7418238
6911974
9264422
14959886
7640081
3239726
150524
2331517
8102373
928149
2709339
6917072
10037972
2135192
3045016
8394985
10925749
4082909
10027298
2114636
4935024
1762399
2070946
9135264
1307138
6023334
3366074
9476221
1357857
10253370
5246324
4052687
5711711
10492245
5177559
7156528
9575370
9649184
331498
10245747
6722033
15880702
2432901
5884193
1375405
4141191
4117290
7370397
9634445
4265933
10885721
11736908
9000042
3966380
6219549
8273761
14739370
1752728
5799899
5961156
1896247
8913158
6110899
4594657
1365492
5929617
7085478
885874
6561308
6568778
9592896
8764018
6300610
11582841
2126617
12885932
9525828
4114127
2770465
6270364
3193785
15051525
4254330
3584618
8300352
10505858
12155399
3309819
4973756
10751033
7601975
15033865
8436443
6373592
7368991
4791286
7180268
3082897
5876263
5090404
9791164
1450748
3376794
6506223
6166481
1733920
5512684
11628407
11992858
7413275
2519763
12707412
9592293
2368741
10109662
2578245
5364296
1280589
5020195
2426549
4319995
11937612
3055102
4783681
4512796
3626205
8754735
7992090
1131187
9677311
8720302
11900717
7645852
7117741
8087061
7654105
10886509
7662818
6306560
10004085
6681783
6957062
11321565
7906422
8748693
6311614
6002817
4086902
9708872
2820854
2042318
4186392
10417753
2243084
7548148
9685914
132228
2268514
2905055
4745267
9639154
2212049
4670910
12376193
11983048
17863194
4150113
11362062
13189673
2213305
2403782
7362419
7940639
1172562
2090843
10302843
5326065
5101916
2584704
5432435
13049662
9740873
2061033
1690186
5154968
9661472
9496017
1121632
842812
4106162
6626278
3626507
10372208
8773518
4868694
6061836
696627
6507054
6467256
3741014
10800205
10596122
5430638
2760402
2951026
10202584
5597576
14249663
3585063
2599745
5988682
9778948
4900772
2418811
7550312
7119117
6987054
3669269
5932857
6410676
1831534
8113765
2411768
3734581
6504474
2659796
10514501
9454890
6653246
3226422
6449869
10009427
3769628
8262279
5644605
8355448
6054220
4328109
5618570
6198569
10813315
9305394
4565083
5659081
4125287
3231909
8723912
7017020
11530315
6861039
7393700
4362227
737148
2718174
9277243
2862611
6448526
6697333
6245182
2739364
2699057
8527870
7743672
1457512
2417485
4433261
6171705
4953332
3540860
5114601
1450083
1656255
3604001
9351708
12751878
6290557
5679525
6037930
10251530
12066758
12425173
2378474
4500830
5765628
7331298
7390523
2248648
8187617
1609283
10728306
696606
2202517
2972809
3297920
7276919
10182227
3685770
2570858
3617310
4962075
11169149
1050339
4940025
4802175
3662401
4289523
3911166
3526861
1832110
8088660
4993386
11624391
9415072
10219129
1446034
5001574
1262803
4542934
12947652
1977745
2875718
1663152
5199980
6622826
9272728
8409038
491487
10272179
8746256
5389646
509462
5101534
5550071
13363704
1314723
3207030
4363289
1011543
7396666
10115802
696893
2824854
4554153
6461379
6467127
3533345
2732985
11382339
13758581
10252629
2598478
10023602
1987364
3161504
9489658
4234006
1967251
3606180
3062885
6481389
10938066
9031201
2540398
2642712
8845495
7725182
6132233
2395778
10284069
5904936
7386468
5985663
905153
7179149
9670821
659587
737067
7118321
7644658
3711019
8588296
3079926
1063343
9542932
2512829
5466977
4316367
2961220
7829867
4351229
4571156
1729161
9134946
3548551
9201753
5062631
5423457
5956302
9507965
6611238
4555490
1693828
1349232
10372190
1576857
1473866
5733255
3324918
3535063
10548419
3629907
3560513
12259359
5874824
4493055
276750
4656829
9880552
4080685
7740868
980924
9845591
1787900
11579386
9569921
9356984
13040005
4211402
350325
2168366
628903
7807640
6323272
1419908
4484191
4097664
9998099
5684715
9407998
5919781
8359449
8680217
3559112
3936671
2174552
1869847
12069496
1498677
7660688
10974163
10751442
5267598
7997364
14089525
1070071
3150408
6570188
3147982
9291084
6956080
6059840
8790544
594182
707018
2582138
12290964
5138330
5455368
12324298
15377223
12615116
4382012
10525881
2163984
10960901
9700055
5676099
6097730
4913273
8004634
5933184
9718468
800822
7872866
5618917
4485809
8288016
7482885
13592621
10246309
2717166
3402764
8369716
9745318
2416906
10831809
951896
10151394
7787665
494057
10807339
5951884
3643837
955991
2793420
3538861
6098304
7118310
6365206
9734466
10153804
6669940
3244002
1950403
10834990
9825634
3362081
3255330
1268055
11942429
5639764
9299780
6394902
5692095
5550820
8264268
7157532
6425141
5460338
5781794
13548885
6298882
2620504
5692052
4505584
11900218
10732829
9799508
11691635
11963405
9632176
1792674
4322518
1574447
7179111
3979282
2787714
4749876
13354144
9724949
5112388
6458554
10430745
3041326
11444890
4996294
7673392
2689661
4715299
6223819
3293319
9764935
12426679
3901605
3179749
12854801
11010552
6976783
13930555
2837574
8668686
991351
1531272
9871659
5835438
9069257
9268547
3426963
5658528
7731244
11132871
8839764
2359976
9825502
933579
12010004
8194969
2206477
8901645
3220001
14403746
4658925
2943287
10953777
11786821
3437517
5448198
13394496
7473752
1911797
661906
4208002
3139286
6440318
12100076
10755011
2855835
1656233
15214194
4390809
6613913
5067644
1253428
1464991
6930050
7369237
8571686
2802018
2117444
5429113
15799237
3002319
1783826
12552557
15209207
7013668
2789460
12264361
1570985
5222681
3177238
8428405
1594898
10863531
8065937
2258370
3017504
9567983
4535931
1905385
11889334
2629726
13773577
3189034
2700006
10766185
2824102
10120618
5223716
5429164
10382534
7615662
5276159
6526973
6100048
3587779
2187899
5993269
6715898
11977252
1467141
7186468
8929769
11015972
900769
9641148
1157429
5478061
8475909
2000322
1156816
2375165
16635943
1945430
4904263
12174844
3058738
1507853
12453021
2395627
5074353
1327461
1965411
9939149
1564263
9335101
5187090
3643668
1631147
3491430
6801822
10698659
719012
137937
5032791
9502077
5008053
4064340
2526212
7741480
10181153
9025866
2284398
6083283
2917914
6969501
692583
6567220
5494143
5427347
2053892
15200926
5507208
1162020
5032147
7098939
10012506
5547654
7897042
810340
7514653
1422351
7120641
4283057
2696593
10914007
9049742
5204589
6531197
3380943
7195171
6286714
7628877
608537
5496630
12806188
2864503
779510
8976961
357892
8682285
6203401
8506768
6255010
1383896
6930720
12183878
8104004
13737081
9466164
6269494
5883853
8694321
881209
6405026
9961651
9734444
9946398
2237285
4650952
4402180
2035097
7634554
3776018
8070073
3618538
11253723
9174250
3687427
11063208
13030664
5656374
230405
7831171
5015010
4012467
7630346
8578770
6836953
9568660
8669056
7656992
8985972
6858459
9183101
4788855
3804222
1340709
8040203
136445
2152654
2089081
6319724
2243631
6477015
1910661
2326981
7541598
7700594
2932198
12292182
8200554
11492151
5768087
2474891
2444804
7230262
6815925
6416146
354965
9093872
7185171
4816512
6092392
3381041
2104905
479348
3520172
11051822
11604072
7099046
9734887
3053051
4373570
1012715
7690794
4651967
9801256
645652
12894081
8487867
5829266
9812701
7820789
14582368
3442382
1789129
9081033
1537238
1953124
1447288
13260120
3070412
9023851
1424953
11604848
7456593
4927554
574198
8104042
11885940
2155253
14722810
6004425
3060864
9990816
12625426
4488372
10623467
5039259
11500032
266879
9932536
1985847
2391297
3743224
8178042
2016275
2903792
2204445
7483949
3440884
7356633
462425
4015645
2446544
3067530
2942553
9442458
10086857
4668200
5768878
2423889
3210399
745240
2931587
6563568
9938357
5409342
1714459
5008085
6073538
5218084
10285988
1561018
18738548
16995807
1621395
7021470
7532810
2050828
3035164
4204157
3431244
3666294
6859029
3958419
2228016
3212507
5993915
11252150
6994302
3932360
4907262
7241802
275858
7721035
2712584
3385012
3917025
2673696
6741570
5372422
12457135
2234330
5904499
6006053
7479947
9320139
3424738
1396438
5619854
6443059
9763205
5941288
2163639
4835871
6766619
5733021
7568103
7366015
11107376
7076671
5589665
6976521
3841198
4709800
3851340
5995386
3582795
6333555
3464816
7871263
10147149
2821049
1750903
6149075
224213
12916482
4644189
5730596
11871621
1743939
8178794
4140474
5718535
5696710
4145559
6841417
1724380
7887832
1611257
6589477
13314978
1929632
4140261
9291762
6118809
6779020
4233794
9266206
5753109
4668316
3021330
6781199
10882284
2048348
11517170
1205978
508832
6861976
1829685
2868127
3821649
11170475
4130659
3428338
5010512
10088194
13808383
5860737
3912855
12970082
4982839
717618
5696978
3946983
3020735
5298284
939186
296910
10432138
4207264
8795142
7535728
8275020
8104993
7837237
2518466
5338189
5434928
4383423
5759065
7104700
3479850
4543078
6561004
12564047
5845656
10122711
6221197
6500941
8073564
5162020
5613977
7005107
10573726
9334389
1572569
10456149
8297137
4548854
1435625
9291892
4796179
5406610
4751804
11997159
6863250
9674226
8160541
660872
12368881
4352312
1807307
4370345
1874906
1627411
10365666
4941313
9909748
1933120
3704269
11556936
7439449
4080834
12921235
1923151
13492317
8043644
891804
6844224
1035587
3259624
3975825
5927037
14041886
9959639
4903265
12883447
7610980
3055875
1851755
1991398
10554344
10171926
8200743
6312252
7536818
7937087
3107490
3853651
10178069
8556148
6777752
1524347
10255986
553643
6069116
3225454
5492047
4786522
10865257
8208827
1629298
5350915
13526664
2351779
6739683
6713083
4644101
7753655
14730937
5842119
2595776
3012741
11229724
2955263
6055180
12830647
2395093
3426763
9328256
3634744
6584897
2658893
3761898
6548751
1916987
7750042
5632767
3890706
7596987
4565367
1770109
5632190
4094942
987694
9280215
5399572
7511172
8506466
4642961
5328303
8202928
11589419
4951587
4172808
267640
7337745
5633394
8779537
1762889
5467585
5078434
3154419
2779548
1910729
5819912
4042277
5000453
4157922
6714151
760544
9857832
11166900
4444005
8560596
2286573
13186383
4770116
4743366
971512
7926328
4938053
8391064
14707965
1677462
12052762
3675464
11627304
6963413
4425362
4696010
7784199
7493685
6282242
5544430
4037147
5062182
9425696
4302495
6924191
7156303
141694
4345461
9100307
1048252
1033962
6894032
6453940
9535584
603542
9927751
439601
3598402
324788
10029692
3028340
7317728
3143761
7868765
6466911
2389294
3828214
7450406
12196734
3183185
3555022
3198331
4226257
6526504
2862196
4332734
3871664
7944815
11103854
4965570
10147010
1834237
14961696
10782855
4868224
6361715
6022813
5358411
7457887
8017353
3577257
3318967
4396781
8839943
4715930
5930227
5435008
9892495
8352452
1294407
7066471
1750441
4565879
4126805
4483445
7673553
1245096
5432674
5205016
2800574
2635288
11260146
2989497
5570338
4808617
6259047
4745049
12795786
8958432
7604106
5010360
7813691
6005485
7979593
6122575
10814479
2206136
6037508
6063868
5876776
1567693
4266872
4595721
2568128
11912844
3456090
7156877
8743185
2210149
1796499
7400515
7358724
3435756
2095868
892029
5684534
4828741
3217873
2690876
3032634
5836054
9363331
6828705
2261486
13844412
6098446
3265112
8495300
4493597
4841330
2915883
8958868
3414473
2032920
943317
11262615
3941802
3642157
5915965
4398625
12121866
8591872
4118712
1359474
6095393
7682795
3180047
9336943
5209398
6370752
6633251
3388185
8596501
5160801
5995240
4626209
2822384
3280093
3709326
2647219
8466011
2274920
2613260
414019
2299463
3684538
6157947
5058881
3955143
9507053
3423931
9286071
653921
5822234
4965966
3170701
5522610
4656835
6613125
3622086
13900708
5773930
3663635
8397513
1407963
3064352
13412761
4018451
2399652
6258828
6124014
6275346
4548027
6065324
13036838
5612964
4125441
6827432
11231271
11875071
12829986
6555929
5086362
2147550
9124596
2988201
7136549
3173077
6946209
5652605
4823531
961396
7573731
1987701
7252065
14670761
3841827
11110408
3989024
7255764
14361966
2826193
5390010
6026561
6288861
9173170
1595618
3208714
8861997
7304494
1865466
6010118
1400281
5835788
1935732
11180724
7085695
14038694
2600198
3782362
1833920
3422378
4438997
2695445
4033319
1314852
1439282
3349835
12979029
4579487
9309277
10570847
4610020
1391874
2222991
3315176
5350013
3002148
5093000
5954233
780028
2520481
10402574
8185218
2920160
12649859
5734714
1426138
8402362
6285655
11389587
6230336
3939997
1687496
3459386
6101109
4089024
3819538
5965110
5349223
1784720
6583532
10075838
7002996
4423803
1961663
4393480
12527062
7759098
12602713
11239060
2896403
4108603
731919
5075015
3945804
5219149
7580357
11060724
7211697
4817092
5987224
1150583
9507472
4376018
4543183
7994842
7996517
655829
4834411
9840959
3858155
7650832
9046422
5055768
1251980
6165094
6691542
3215809
4463976
6592184
2855524
5076937
7137386
7174467
13385274
610936
10132018
10467258
4984389
6714680
7182780
3322757
10290946
2593703
9700116
1673326
1874901
4259852
10358440
2536763
2136919
5244716
6887955
7597324
2199792
4829004
2588495
2831105
1040308
3827710
4653825
7651574
6612486
3696458
1729242
2426035
15494459
6351978
9720261
2107451
5903076
5515354
2004644
10041858
2085198
4578267
4040862
2942151
5749374
5753877
840706
9417120
2688932
11341688
9055871
9152085
4417882
3280333
6757248
1947933
2982560
12183473
945689
2859587
3669697
3667063
5510162
2930668
6106188
7695034
623119
2932691
3523108
7086924
8628479
6970324
4978372
9518480
4404842
1583347
456104
7379576
4368984
5638871
3543401
7975708
6835442
5118078
7684828
9107101
5775355
2363838
1490697
7245673
2615774
12395063
12252383
5593746
9895014
1715424
7077567
1876108
2512629
10571802
10684320
2201921
5139078
2414068
6290970
3381010
7681268
6114765
5168767
4508504
3867711
4634145
3032834
3967317
14846417
8689757
6107615
5897417
3339791
3392442
3521360
9719121
6107579
5198019
2721435
146265
14298098
5083772
11557231
6914140
8845231
10130290
12996026
4899297
4075605
2850344
4301569
3778085
6517283
11038000
5591397
16279079
2687093
11817638
6219206
7350537
3655395
4078347
4075084
13161589
1151460
2779324
10085206
9122834
6022368
10338770
3650863
2087058
5841945
3255424
11830104
1224927
6045033
3164070
1672095
6527603
6364096
6757638
1533875
7103244
2174159
3065325
1671716
8012311
3210961
3798372
4099991
7817174
3610636
5660666
8726474
3376316
1123516
3537261
5226134
6894144
7767875
5395510
3542635
2957871
5206602
568513
4548896
328111
4522857
2284692
3366410
8592313
7553338
4362803
7278429
3644441
3327068
13183188
4274644
7475569
3608959
2955671
4643458
5112051
9772816
2962147
6444381
1817203
5902298
4712638
1313329
5429313
4530476
7661778
4536410
5023368
9599920
4901503
9268761
7511095
7959033
5522549
1392874
4438017
6674763
6357042
6414479
6283933
12511931
5110766
1058237
3582145
4100181
5575320
1011253
7982450
1884147
2535222
7796583
6775012
5906653
4012433
9057198
5213581
4540452
5464437
390287
12096568
9632600
1856082
5346776
8371286
532834
6783976
3706738
4463309
6968705
1227721
4279234
11678275
12460670
8683767
5938546
10310085
6442904
6086035
6282182
4082309
6581606
6322699
10112089
4223553
6760666
3796413
3790252
10927030
3444152
11531418
4305431
3172306
4337855
6489097
11180746
5493041
3062206
6817103
5347302
5243473
10138207
13446762
4855771
2136651
3591862
2746415
6254934
1812120
1470777
10679131
8294940
4180364
10235027
5119984
4325766
4444378
6088630
1211698
4298616
3563962
4659397
5663333
476947
3541157
6144675
10208432
2654395
6105628
3999593
4748333
5194752
3604051
4190684
4105169
6496528
12336101
7999905
10686967
3096082
748766
4448556
1842083
9966930
2702492
2492296
1047152
13567229
7854099
3102844
1632361
7911810
8522554
4544586
486077
3360197
4442709
2368114
11239220
12395638
3765846
2316417
1561190
1628551
4267188
2503244
6093262
11911386
7415805
21442124
12467747
27661149
17303699
7000956
1617400
28283332
14318007
7109666
21746229
16719104
8377390
24022531
10777741
3176331
14682376
30786796
7017426
2722451
25778044
13952860
5501782
7048600
21063321
10789208
27194288
25297684
10494285
3942774
14954678
3442490
14350365
8905542
20364333
10019276
22473189
8122305
18385677
24793745
13999885
34256651
5448585
14304848
20516011
19759368
10542662
17851606
10500882
20830353
13197590
15394012
21664837
25897576
9753055
17521096
19962731
7993390
18257704
7218234
2030913
26890008
15137932
17907310
27091194
17918693
26343127
7340421
7813398
23678447
21567171
12760206
17573359
4941744
20100227
21026856
2927611
25126265
17226783
718800
17416692
16139995
16787514
257681
24500969
25794654
2152801
7345629
21964730
4599172
7019252
30992978
7696843
22415455
12507922
33586201
24270771
9265586
17207296
20291545
12743122
19755470
17188683
18314334
14971991
18689019
8836406
25135760
5793134
28491082
17041316
18565603
8060305
3108892
16951888
32720387
23334557
7976805
5793701
4978239
6449362
16119831
15564289
14956954
8938185
24437295
20566351
10819657
19779101
26453996
14702101
19454348
4691216
9083472
21329196
13228651
22623205
11451419
14292318
7363453
27872166
13007976
17956995
12083254
18397111
23796559
28971678
18563587
9668265
27575439
23985679
25637959
9890135
4916468
1042655
17957351
10184368
20030143
10128894
13819992
23690774
7895625
18358326
20286012
25690278
25536379
12696423
12741699
15220559
5470312
19393649
20283948
28175917
11189161
22736963
1116378
19555775
25353027
24648215
25845008
20144116
8043229
3372744
11907236
12659264
7070004
23105847
29866188
5365712
12489448
11261438
7090039
15335323
18921226
18706441
18916864
9727783
8222858
31913741
23021302
26556636
25927989
1612203
9820250
13017346
11913901
11073487
23060396
12561959
21761805
14810930
9538165
13358364
10259489
8496570
14323050
6732524
25897389
28766423
23368106
15645745
18771129
14005391
5901567
24330812
15833592
5655679
7481132
13304864
16470027
27868505
10122012
27457305
9132643
13970975
26291394
19199395
20655272
23898727
12599345
6286719
13161515
8937432
12663044
5071309
10838427
6730236
26252594
17143202
16619065
23182779
23835222
3484487
17071981
10760341
4146948
4684526
20616896
1510440
13631180
17533883
12467074
12946664
5736219
15630615
4828655
1611839
2455883
26035505
12280096
15894015
14477196
17168946
19346147
15262037
21732646
20419044
23277180
15446071
19910710
7386398
15209970
23837351
23244820
27722989
14902342
18437043
6580207
17889887
15815485
10023951
8525915
14438727
7976864
23742657
17041731
23640383
14605533
8933922
18174202
18619188
22664809
15508285
22056424
27484289
744627
10121949
15846465
5378051
21589996
15862037
2320198
1188883
5489543
13665353
2891156
7830905
8510411
22091379
21254521
15690046
8049486
13483355
22015133
3997650
13498174
14848517
26286095
9990897
2428812
9673576
21147660
1541538
14488231
7172166
25808103
15474696
22843452
10107710
7923543
18249373
1847133
3184441
23580138
1986790
18137278
15030959
6757701
18870132
35986977
22061881
20865997
14011187
8370261
37012350
17842435
29807802
7629699
7385414
26172416
19790417
10965942
24673602
20992178
7682700
5643953
13356139
11072571
22854222
15469067
12790088
1746971
3244770
18163652
6619048
13149226
14674879
4692381
18337400
20563422
19175871
14044065
17832997
8071474
16326623
17829945
4436471
16124781
7725011
6319384
7920808
17984585
15760414
7227368
3096206
5595975
21190718
16579852
10383986
9406650
12179742
14748229
1559946
19533209
12328305
23869373
21737890
11809672
10080535
14561084
3439646
20756530
17605250
9587214
6499342
17372679
9430244
9220505
18126561
19500316
23773144
18272506
24240997
9130946
19615608
9203182
23850656
18038932
12195078
6445038
8613191
15216483
23157900
16961591
6795955
12585637
18815348
20295223
13364516
6183516
7542562
15473930
17603735
22833035
18387251
14083930
18669723
10681516
16716682
17020212
16359926
12024343
9559255
19435159
18596119
17404607
19689540
12776120
15297522
17987075
16153555
33503713
23752459
33251524
24618515
12319988
23272245
4594147
18509673
23564929
17575343
18684139
16623984
27986258
1204632
19095683
13369563
21578958
12942740
15263509
9283155
2029663
13888494
24760377
9978866
17446590
17021665
13377871
9744854
17688338
19872491
5651484
12689799
20954151
6105847
10327064
20659620
2844713
13860993
13400761
27149809
9571321
8111364
18068805
5178059
17566760
13418953
5785342
20527697
28410780
18844393
21579390
22254020
27776393
9514268
3147205
5514862
34305602
6599042
16629743
21599790
21054889
20571242
29934676
1401334
9961560
23225894
9549985
26028138
1940051
13633288
25536809
12365073
25422517
9407813
31522599
20553585
6043260
20029530
21520965
12456390
20509373
3215000
25562551
12713170
8573793
22160287
21620808
22873159
28151290
2913342
23513834
16679560
7816154
12397276
18951967
21341288
18135179
23658570
15934325
18177492
11650201
21176612
18054485
30802440
11194034
10600754
19167932
11423277
20358482
8521768
15833082
17950857
21860260
7198730
26966068
11420244
5489571
10381347
2284480
7584531
5743545
8155946
16001783
791233
27897981
7921342
16198670
9879231
20265254
24202770
5620748
13036994
17109381
26829069
23093634
15318658
22299147
20969318
24333855
22183128
9339155
18553698
2107437
6637379
14125276
8166182
17897192
15457440
11721618
11427949
12717605
5045614
18151842
18782618
17205704
1290144
5904959
2194313
17018410
7895294
24459956
16766126
24990262
18239347
15854079
8076043
29836698
8293323
19104770
26214568
17791268
10291666
9373855
13398360
13336060
23768290
6682059
1861795
13373119
15223256
5728852
16177045
10631193
5478101
5396628
29875316
21062086
9829682
9446236
6207837
32385752
9094177
9554748
24041488
1010059
10009241
22647676
29747917
34388555
9468971
23704977
17168261
11964290
21497375
22010385
11248255
25121099
19846150
11030631
3800201
19380652
14293958
13772226
17439320
14575907
9846680
7982248
9391213
19873992
21009267
17883024
6333762
22368727
24493675
1782954
21296691
30000769
24775650
24793849
4654632
11473196
16509769
10990831
18992357
21468544
14655192
15559098
22423465
20062332
11179878
19161891
11938405
12856190
14750268
19087485
12636171
13663162
31150370
26461857
13310696
19433362
29108177
17768805
10522953
12138131
36849466
8000602
9897912
15893718
13192798
17609711
19139336
14690252
21740818
2333855
15827268
15693516
4842659
11409988
5492398
18236380
18479947
30801193
15253232
20936284
16964907
7901922
16180057
13141005
15806047
24322304
16414725
10039129
7975322
8553414
17924842
9875266
14694635
13038028
9775587
20599351
17123744
7422412
9579591
22927465
24656549
15632952
12389737
19413188
4929447
23432013
22527803
14806871
18415597
12467960
7019488
9911698
7040179
25377123
17839971
3183973
14066737
11583978
13828530
9579943
27556873
19467091
2175493
18763493
14683270
11795374
19857140
20054823
14590464
11787313
14149177
8541324
799158
15295061
7018979
7788813
29259832
6103860
15340450
19786788
15380221
18667038
16961132
13549597
13757756
8470072
6426979
11776460
14841092
17811917
15108333
1359907
8090719
15831451
18574867
20436104
35043681
24093744
1930901
5160780
19396003
15326451
14937551
24141838
28673548
23083724
8406138
22816908
10134083
13215580
19436824
12311570
17339073
13634478
19842288
8386931
13855268
27473060
28328323
19602255
9263876
3735946
21231252
5773800
15741028
21272924
10972837
18688257
23607404
2926118
8289474
12540124
7422493
8162894
16052512
14388710
11724690
1711151
7628028
21941337
28394915
6826822
17370807
2752685
3384118
8162759
7669473
14130890
15593966
36547730
21096554
13249259
19361521
15021822
15986580
8335085
14275099
6351442
18705798
17297747
5719911
8737836
12340961
25376631
5682473
7769887
3581893
7548664
13671711
24643643
8987432
15391177
31408522
5501124
2265771
7590187
18259234
10226750
10967442
15256872
11766027
18481994
9166333
25439845
26257406
15677364
7900709
18368270
30445624
9501725
30648423
16356574
20896628
13731309
10301800
22862568
20223802
9933728
19161479
21430904
4819624
16628509
12994316
17283587
13594581
8409744
19454885
30203795
20777014
32110991
14508356
13529725
3707771
18507872
23039318
2075275
10451724
5912997
11375693
5543089
20166487
7158165
23321952
23697789
31002409
6385219
29752302
22528570
24434654
20639586
18725392
17247479
11977084
8600863
26768079
14102440
9250092
11278690
20059270
27896713
14677189
17939608
16274976
12025966
26890876
20975808
10466726
15688862
6730734
24274365
18099757
20589320
14968977
19584943
19722034
20348192
16500646
19739704
3357155
9315773
11886368
22050173
19217047
18174616
20275378
25484146
8241289
26624927
4431294
12705196
15210659
16343434
16653691
19933716
6766636
19329646
23111156
11972428
9319461
28711075
12263744
3768023
6660417
28592292
9653087
21046431
5369924
3346527
12738810
20986831
12293788
13698626
5409189
4975951
18693559
22959277
18791168
8310092
2070896
12197313
11751493
16899335
4022012
20427716
6553368
22132764
9913196
4106999
19062631
8464112
11518138
8418094
14156624
8168997
15740772
25228760
10836481
8875069
13872519
7403733
8131209
1951948
13554873
17001487
21427352
18170186
10685198
7867524
5448774
4742206
9190737
11994313
10513609
24285649
19717602
12225417
21745430
5775972
10204311
1344379
15653825
19180092
12745149
4381574
16913627
4687730
5319335
21392289
3002114
8122274
12589765
10566790
5385264
9368709
9607772
17951267
10738890
21623338
16089360
20542160
11651234
16768945
10490858
13059309
4511399
24860300
7280963
7100511
10829635
5648795
15977174
16877920
9983590
11422245
11219906
20939897
13250193
12341343
6436807
22916012
12293427
15737701
15317981
16576602
2698087
20887446
5387207
8752821
9028214
19429186
13590731
20277805
11824713
13565260
3122899
20975871
4902083
4087447
18526922
2573025
10305613
17229666
17269499
16182465
17356988
12463123
15960642
11198543
13305395
5120729
25988932
22495242
13591453
22944596
20089702
13908561
12065172
18015569
11990260
13527726
12689944
9410423
13637088
4036248
11255385
21308919
11646602
8632213
1553562
13045237
28203817
16669811
9577100
14862118
22318149
13744196
25675450
5580742
21417875
20319507
18752068
14993015
3864109
11667718
21208390
7545089
7376759
6872356
11852712
19595588
8431053
6549705
3245766
12971833
528698
15192493
22859418
16817634
7663211
22229378
12179037
8868482
6877360
7142992
14637347
8484301
9906595
16425599
16614154
4649685
6273109
11823661
16695305
3420218
11322739
5471087
12675234
9036020
14755547
9951936
14657544
18481342
8357787
13660185
13461746
5519618
5475238
12390847
23540564
24648127
11688922
16121639
19412879
8178718
9030938
11439688
9911878
8964570
14247615
9204504
8509172
16602995
6991718
18436473
12585173
9107298
5610551
6250246
11966662
8251061
14605290
25498607
21752058
9956807
12619271
2664895
11418452
10006610
17592338
6391301
5145957
16291298
11804556
12074903
11746467
19665521
9955338
12678992
18340156
10849964
4179677
10452573
13400638
20500772
14872521
12710696
12689742
9419699
17719744
10041346
21436091
9680791
13783031
15286359
6072822
18146090
6541462
9469159
9641410
1700182
17276333
10010976
23081802
11660564
9971615
8347694
3169417
13649581
17183804
8296020
10365008
16446990
14350868
336806
14221724
19056935
8838003
14872832
20359618
7453432
7641017
6013894
14550033
11601378
14142518
9982119
17096175
8903513
5185608
14599512
18880825
19658161
3895847
13431328
6059072
17640875
20796367
5757455
1732925
27911947
11710703
3385237
12449211
17391428
17322685
7453801
16681919
3497614
17388862
15856678
18300899
11964744
7360877
7866196
12894419
18594922
5410827
7723852
16922648
1983728
15826344
5160233
22938844
6066014
3858568
12569490
20327552
11193427
17911724
19736899
19690464
1357706
22801080
11116267
12737358
10698104
5892576
11092332
6429159
2836205
13943317
15830586
10288326
15218491
18473878
7434823
15624575
2644595
21853004
18876567
15427828
17607922
16257148
7915390
23224839
4063966
8684349
18131232
3140902
14087869
5264549
790098
14820770
12879170
9504491
13742557
15984908
7165805
12970034
22737617
8238392
3019497
17099435
1230585
6716024
11627978
10211746
10449621
10811345
6514466
18698282
16827800
10316830
15377832
6814132
17496058
6045774
5747884
13462333
3524377
10723572
4090235
6342598
16938158
15031100
4644727
8405640
3851193
10269501
11782467
16895790
20691842
27249559
10042121
22817529
20054829
24981177
19151583
13291758
19055378
14284547
17410085
9076384
12430177
11916247
4963206
4993398
13033168
11064801
17525302
17595197
5071640
8165306
21402666
8337562
16398526
5422084
5808491
15394924
8049343
17049628
21618080
14229792
8882965
9112577
15778945
10822130
7229993
13342462
6448892
19171093
16843819
7893160
13896875
5038473
13229398
27552340
3840432
6574740
10621181
6353804
21327251
16091552
8039483
21663440
16235568
20023552
9907015
12142465
16343060
2430497
10375748
6434334
18379912
16359592
10097207
14275028
12519120
24639190
7850911
8257377
9927123
18097187
6727456
25640884
6757701
19610719
27624632
10213236
7694731
3268762
6385765
18865632
2588722
10753979
13080386
16489952
9613438
3576038
13622789
20900583
7763288
1744038
15697708
17516496
12408885
12305937
16129441
3107773
4517432
10756480
14070335
7010559
17163228
13260827
14354336
21405575
19670737
13652488
10571553
14671445
11862404
17423951
7534562
14898968
10022067
17847255
7124414
7697800
24896217
7831352
15668245
19126105
4839372
12727462
21618445
22713515
20016820
9892162
12860426
9129851
19915349
10374182
17970138
1981846
9433912
11439603
11653786
11914189
21570139
15114883
9049825
8373765
4011727
20787766
12669849
12766577
11908296
16086359
17887987
17434778
14210569
18392526
10953339
14504039
17423002
23099751
16167246
14169331
13452983
5268938
17450305
19975070
25486678
13105074
21468398
20827134
7565401
10202025
16985407
18553514
11059769
19815191
21437666
8274367
7874212
16518481
14726784
11908117
19952671
16766449
4269962
5247290
18127200
11443492
3032016
16274341
6094054
15237904
9311825
15974678
26122825
9378286
13742871
10816735
6984123
2103300
10574309
10264024
10489623
10262331
6960498
11973998
4971861
7726522
21933968
9352721
5296733
15315291
11086404
25146651
10145748
15828838
8363692
18832154
5289543
21287871
6147246
10502380
24300839
10165827
6873475
14035394
7437929
3683658
6230845
9046915
7737119
12524947
4770191
6345818
22031665
11834342
16681720
1141957
7046662
7405807
13232380
13062090
10587745
4218500
2928160
17331823
19698558
19059271
12153046
17484600
22784805
17998924
8911367
18844904
13449813
17891598
28601695
20030696
22251810
10182024
180403
10653329
9115773
7718349
15004059
2516101
6738058
6367098
6287580
11311103
19181808
8326133
12041314
17473975
9920562
18661916
7831435
12016696
17579963
13791834
5316481
7068970
18761882
8044861
10176485
1983365
4371910
12911862
19141977
13484498
10997442
15493332
9315051
3720265
5623466
6834686
12291341
11262842
10043840
20019457
18283350
24639423
11626052
8088496
17092453
12271166
15900427
14732220
12279889
6266631
10863001
17042808
4082402
14760625
5224682
6631909
22274231
20397709
19560293
9544079
13908062
4881528
10464395
20082386
15027437
13685744
10137208
16283470
19866876
5183026
23652363
4265419
7295927
4948405
15476207
8470984
7228856
1059179
6563932
13672692
17082888
15141339
18903439
2573256
17620781
17344899
9470349
22673701
15861366
15080355
13504951
13844266
12196237
1798473
9818706
16594560
22367420
17910176
16402845
10144587
21863508
8598674
6021083
14402436
12526308
15188717
11017302
16430240
26469061
11072018
22112691
16132849
3553710
8190984
12629713
6691815
7740930
8432667
9656926
8450710
14385810
3596852
20222041
3204372
12437285
6299615
8241647
3587760
2367374
222796
4614648
7333808
21748366
17232291
10472009
11880156
16784644
23769727
21595016
7764707
12832736
5315832
5488754
14508773
12950024
26180434
18893090
20577619
6028844
17061803
15078764
17626439
5431614
7246174
15841390
14750435
20378238
24489929
10183775
19654288
4237360
13427197
19306242
6677801
15517427
7553498
5741513
10511496
2069513
8541684
17243553
10130726
11075798
10979171
3507854
9774246
11144820
10673931
10494715
12460772
14576196
12323341
23928989
8231001
11603601
3423029
14786085
6910377
15243647
14335226
24035673
24569232
14944536
9182494
17731814
9221592
15687010
15702258
3857943
14054258
14379161
23125959
8292871
20709031
20756690
14239730
7324187
5987638
28247320
10999734
14381978
15253116
23192523
12411337
4703186
16447011
8130404
15235440
13655780
14353327
12516388
18143598
19635709
12674181
16849673
13179561
9501138
15900507
18678381
13929240
10396897
12041339
6060708
18882622
10844337
15462610
15827523
12370138
20441480
5398708
4259793
9498892
8721291
1508213
19989141
5447680
11570282
4194788
15689493
13005793
5722413
11411419
3302936
16930580
7678718
12995416
12392204
8493023
22219692
15552442
20730500
18636756
14775919
10921909
9355222
19433402
6311339
8943154
1756831
15794654
21813979
5639623
15862624
7671851
14205517
14742602
14333366
7071746
18496564
15796953
9478125
8699449
21448966
16107557
13520652
5145450
6925433
8167990
11686353
9744452
7751007
12064458
9172418
18312418
16444954
7815133
12713264
18479319
16916587
11483463
18865879
4157170
21599464
25525903
3177451
15136238
4318894
7337043
15866378
7018454
16445938
8754542
9852969
6802675
9307311
22933434
2739578
22638426
11000255
17454792
18261674
18640701
5064717
11820610
11179654
17464766
5857277
22331080
16792406
6775506
13405872
18005444
20504917
13379586
18368880
20387128
19251383
21362750
22395893
20095928
9703583
20077400
10354058
40657132
19569343
6855118
10552704
8769213
9374115
13568523
10950036
29845067
17934683
6196356
16244217
6690327
18654698
23751761
34665075
22306720
17815680
12574577
19546459
45252392
19521920
2933912
18031403
28227777
20241033
43853432
19702703
23031635
9243133
17478527
17049836
6980605
11224729
37352321
10778540
10613715
23095231
14114835
9654953
22278098
23269674
24987952
39264268
22653960
6306370
13667402
19895385
22692941
24524084
14296413
12394517
27372433
18562138
9676148
18542201
15557637
13523349
33675520
26105710
42599209
3291182
21646247
15526581
52024423
11596980
3435359
29570729
23961033
19727273
45193278
36590491
15039521
16402438
7554442
1376714
10206788
6613583
18700023
30975825
30831467
10524643
47176152
11158365
24681441
11358531
27675633
32322471
10342969
10726211
7639449
25152921
14373693
40122020
29398497
11688118
11292430
20702244
19031047
9825793
20790870
34413120
13389339
33518146
15158656
24953389
18188086
16247858
15226970
18263144
12019466
28239288
17912134
15670729
5589120
3915953
10316410
18440707
14492490
48739094
31662594
15365914
22267964
34033678
17045687
35670559
33801917
11935102
12668909
8350588
17259264
17397809
35569170
32202696
7003037
44896269
17989419
40170488
46384469
17553416
15573425
21511930
6226980
30998719
29121016
10667476
1268983
32257587
11149799
31588034
46073900
26548725
29429995
33824216
49245444
14721144
41460583
17083992
22372003
8065182
28628958
31758583
37645611
31997007
39854625
40344790
29241960
12243826
18512543
24811577
33658815
41793573
17289959
14074383
31366883
19374174
36020218
7611887
16883597
26498168
20229171
5473304
39361782
22793452
23367902
11051263
16392298
15181842
28541928
9855212
18905267
22264647
24008981
21416537
7059134
27820953
10825779
9010835
16586660
11511555
9927956
15809059
12745529
18232949
9768852
7897146
31984228
50785031
37100260
14387944
34866646
30104823
25739110
15769275
27241690
34583478
13127263
8433605
38023646
26402627
30050618
25673406
12402437
11790942
15784110
13330271
14584873
18301443
17364082
18749892
16198640
27849037
33886682
19302691
10915228
24498346
33922690
8719369
9789310
14201457
6924589
27414161
12550309
26598420
6053975
3229149
10251191
13382078
20955474
11441786
18267183
37571793
8568700
9633511
24930383
26662735
22895830
23756969
17782495
21409091
22147399
12831416
9503808
21456513
28723033
4328437
22591617
10193989
22961393
24999124
14627517
24682023
50547699
48904632
16003451
22879052
19772337
11314293
7916592
14980278
30373282
22023446
31927285
11911094
10969590
7252684
14533305
19969854
32908701
32233034
18981344
51910884
38832432
2975285
5208334
43720251
11878378
11540475
25178504
21551776
26490095
28329800
17612626
16308136
10220343
10079753
27670216
10458258
12730844
25709362
11597248
4910735
8453496
22380098
13588304
24547115
13807613
9105021
19074571
24788918
20391982
10203986
16750589
14753409
12295031
33253092
16068184
26397273
39526083
34271476
16001700
16265016
5045013
29003933
18535304
36868270
14657758
51289459
35788778
8817058
28931524
18602814
44083505
2745469
17164772
23856625
11184238
15909928
14183713
19360433
22840438
10622251
32177451
15323217
40425951
19871537
31145527
4061105
23204659
36260077
9075638
13130805
17836673
8721544
26034280
10830259
10912750
14032771
18474526
14616873
37937224
27398649
9238109
19214138
19085727
25058476
7135367
18762286
17150782
45339161
19084576
28276038
17451885
14727004
13445086
19055648
5010245
11474666
11570899
24311977
21805222
10122053
16241570
4352705
23630448
8857815
30242340
2351846
8075683
17857863
12402799
18017485
6954025
14578166
44087658
25596829
26210380
38053079
14849356
13283508
19009195
18422417
33735412
32098425
17843390
15724222
16018736
21690871
10763390
20992379
17251937
25043452
8233683
15006326
25076622
17621224
10950948
3256964
25544682
22418366
16535735
15750207
17539681
6682247
47014382
14263776
9402409
12949859
16063140
27628613
10065508
10451444
10467155
10741136
29614423
16554460
26543013
6704787
19172095
13373740
40992578
9412525
6284030
16990983
13207008
8152087
27607745
49119633
1414542
17584121
27708676
7965915
15687052
12075427
48523961
24112616
5689454
21369096
27091215
22332369
23045429
21016066
9404460
7587808
16457602
16508737
9731030
7125044
21399568
19105326
18021042
28224304
19109492
32141233
24088340
19591084
23531234
26052419
20433574
14190039
31196074
23622476
47146048
38657000
20720861
9032672
13826447
15978179
22843020
21033638
7445966
46405180
14510573
11987324
26373941
18892456
14126725
22579182
6005135
14632926
10799250
12666449
36974893
6572820
38190833
4445498
6556323
15106361
5475285
9253369
45241436
19374100
20502650
47958486
11612099
19430930
20890078
33106630
5784628
13657581
14066027
12139432
18320625
29982607
15942788
29647857
23904746
18143627
5651469
29149347
40822728
8838075
33531565
22979658
21132868
13329700
23186332
41165476
43106522
17422635
45531331
28997776
13483026
16558640
5162578
39445706
12429881
39406171
32957613
33893695
15586172
43462115
23474221
17754203
12990189
14878843
28772859
11327785
14853131
14103982
33538057
9265807
11367995
4753020
37110573
23060200
23014722
15727835
23780583
44355733
40773070
20806789
22211052
24779173
10066314
18970527
31873582
14942450
31806021
16616589
22632163
13986845
31031990
13696143
19275330
7978222
9492262
36680802
28158653
22016167
19526522
17459244
37281327
29453200
19321044
21076008
5529580
16047557
7025230
11922173
3371944
26501643
14232648
38701425
30042506
13747050
8587655
4593802
44082315
44916393
26274463
28596645
35529596
10185194
7439447
10761494
14490720
18754960
15841255
11950049
22940450
18419247
37163869
19583942
11423228
22705995
8274033
24693606
8691407
35973881
21270485
9665674
22464013
44176070
12900028
25641367
6586234
10618799
21047003
28044661
12339033
13626779
13828250
5700214
38713335
4718773
22931157
30922792
24191939
4862858
17779251
7945020
34411735
37266025
5664051
35123087
37481414
16518615
6278572
17517470
35970006
20213403
24166589
15509999
14192093
10344320
4314821
10995866
50816248
29193519
16645700
17274311
16017614
44772765
10006873
25917028
20410788
25233630
10910305
22532821
11750850
15334833
34370717
6305922
12472608
22431070
26500006
28691179
16757224
13231671
11090857
16559930
19027933
12065346
15684723
13483263
18425585
8441958
43933861
3473649
17598075
9727963
7145355
13856750
27710971
8473140
14525648
35336116
23575862
30399475
14189567
19216808
17855751
7462911
31540869
16441275
42137728
2225762
20716830
39195723
12071937
41504574
5901853
38459865
18652496
9250387
13312949
7132446
26034206
12061717
16106711
3242843
17613542
29216661
17923813
23653093
41506944
35912686
49168953
43275183
32318706
27714667
14396509
15482142
33237241
33358638
22164850
18410219
10049678
10792855
24405085
24928067
16894895
20494157
8651436
8164719
15505177
22603824
11596004
37516815
33732633
27231633
14487430
24093511
23535144
10310413
6430544
41671625
25019543
19339236
29180130
25900827
11253851
734362
23654092
2206653
9838855
20435925
20928987
25936034
17623912
28095015
17901611
3742832
44730502
18961582
16631172
8301937
10024191
7344521
15086733
25047702
37805312
7892982
9346188
36759919
9859441
38426964
9880535
10182725
31176808
5184033
30046949
19268606
21316511
15481589
41405833
15378766
22298388
19307397
12703352
43406177
37473913
40454705
9478661
11050484
15015321
44608135
18154108
28602920
3583663
44065613
35639269
9302740
23465390
10901991
24994572
16206901
25867343
15165581
19647314
39562700
23193527
10568115
35387221
37217785
32634351
16914169
15049814
18438137
21123966
9008959
15896614
8009368
41674752
20721162
2064875
12499902
32799536
18648181
20401488
38751170
10553844
11970872
17183955
10004865
11247865
5724245
17055530
11408776
15195206
29117966
3719721
22950262
9809634
44946924
26477186
4883211
23498698
14940429
8649299
42282572
8842672
20789154
32887122
22268909
17856685
18440993
12703689
23030912
17095282
25306646
6538385
6358833
33700127
24714080
51209099
16964528
31712397
8209649
11358737
15230389
29555221
12907817
9826118
12911586
11566168
15281395
9336694
14176114
13132132
17774494
41976197
20664692
12563423
9514149
14075427
33294286
20076523
21707956
10398164
11000075
5718166
31069546
22252128
2303178
29229216
10208875
16602778
6312392
5218190
33295030
11059756
6964509
15882334
20373420
6605516
47476520
8899306
42807417
16449188
26165072
9501898
12961238
2225554
19772508
5469721
46445261
10037264
41509574
17946487
20082166
28549882
11431219
23491924
20335787
16203529
13468959
24860400
22279614
7492834
38948606
45526117
12981555
32419177
20283964
39585491
12332492
43084438
28091323
21418957
28709223
30547794
9291104
6392448
36293069
6546661
11229609
44966411
9198882
39020122
17907245
41447282
3769582
22599694
3393728
1348431
34092414
15579458
7172302
5753877
25250365
23768480
9182542
