127933
187871
1317
71228
152073
68574
111492
181453
97796
91272
111539
221123
217670
102178
6277
248493
248326
85135
198279
88915
39695
95575
153638
201092
178479
15955
131985
9684
82596
68568
192795
85250
86900
24238
188915
170096
69552
178708
140520
9189
5639
80326
61132
21843
64038
31512
206382
232519
212570
113026
168821
164660
146613
260475
119899
77442
156975
125328
109945
224002
36492
229727
234443
70721
253569
181973
64689
258584
86732
33001
122198
194336
130377
31844
202490
213216
109182
16422
238664
124113
133057
248098
187283
207959
232704
15212
213569
168639
63777
55577
54150
39815
45211
41522
5546
46327
6285
198516
8069
65404
182000
193495
152331
9734
160438
16940
196271
176831
239504
123178
246154
182564
262840
43827
57774
109503
115270
233163
61863
18274
107120
34709
218482
142694
27713
237601
234287
60870
71464
38254
76096
231178
111832
56788
241804
258162
236788
250135
38976
246731
193265
139467
237972
194897
167201
36495
41985
32484
2234
126422
26500
190782
212020
52033
167221
179851
53314
184769
117476
135288
210638
189051
238367
4261
172973
82459
49832
261671
110889
110668
147032
35326
207658
26198
134326
207632
132179
195408
152782
208968
129264
59792
225745
38769
169732
149308
37777
51675
203640
105134
101525
217495
42923
138816
210393
119280
237032
116574
98356
69630
166946
182672
1394
249070
174387
77565
445
44182
104693
37984
128602
126052
198503
161887
196879
162767
48276
103114
177607
116871
240952
162472
87316
146932
188562
242750
204346
16273
209249
234272
208588
40173
12697
168701
30035
76863
14572
110205
244899
92807
39873
20844
37835
181633
14188
187777
83163
77460
170147
148330
66297
68990
263439
246013
34152
212018
208943
117154
68890
229516
249257
168020
179808
26100
89462
211214
198534
98795
57219
240531
17103
27562
219976
7388
242414
33020
252019
157565
44340
178513
220262
214984
204496
150988
256407
14163
114287
97377
249699
220949
203837
52913
253919
221157
55220
29882
260707
228842
93209
60393
41568
220947
179539
87938
222001
254825
160676
151912
179293
46329
42958
44559
183243
165599
187796
223888
99459
247386
33379
41710
242032
215782
202094
87522
74237
150464
72228
81937
2989
129743
8093
155804
131942
248717
8734
219611
184783
188039
199817
101739
7233
253416
45047
197099
117454
238822
215039
32010
131291
46866
105718
252958
35344
10854
50033
107035
226963
136729
29280
118957
195235
7936
85880
90729
119583
18273
1892
113623
45702
134563
99237
153003
136615
196031
221380
111539
207332
160364
222677
171460
250855
165382
259874
88894
64559
200222
62877
87816
177521
164297
133401
85736
194222
231766
95014
29378
127523
69926
134841
227537
43354
162106
51203
41377
68335
225447
16075
77033
155103
161760
45499
67296
46974
158239
221464
180126
83755
106704
189976
225849
215922
57867
32697
40114
104776
236829
191923
122208
39167
219624
200788
261104
75457
17322
50455
121564
165776
96195
176498
185184
73838
230459
260702
102480
230935
31809
55328
112997
195286
258385
172400
109939
157201
134470
141353
212793
11886
142030
129394
107022
101178
125527
29564
86202
167753
131668
259102
11804
45561
83477
492
264273
9741
147133
185377
97285
255152
241971
59156
170643
6236
164883
78483
15115
58615
173126
257029
197998
113920
3726
133850
183672
185990
70448
87291
6620
77968
157775
147100
142662
133649
126989
23405
192013
204682
34442
95661
124264
178322
61363
234714
158051
101653
66954
86537
52289
59969
145429
102085
82866
67746
243119
71077
180713
159915
49576
172226
40786
121274
57196
116267
25818
87673
58520
106510
31089
57605
73318
176155
240247
93928
919
95271
74597
212702
22176
241279
39769
81409
53275
101842
161086
220739
150295
86255
66439
214929
44157
235576
124565
49458
47465
56903
217509
110945
125141
217315
171144
55195
168422
246545
183800
101130
41893
208878
55202
112111
83637
52067
106236
106495
174710
52169
95338
768
110981
234277
243353
120560
206678
250615
122339
163458
66304
104943
114192
1738
133069
232578
23437
227823
216314
228111
130981
15132
11583
134104
163038
202065
47651
264049
53011
48567
181860
213399
49055
138626
35706
58511
48882
102167
201557
56554
131653
128501
163448
203314
55067
360
130846
241135
252801
43092
79973
254105
100669
51487
190363
138129
228827
35884
55911
5465
25644
146816
81751
198559
101186
220880
205420
172181
164731
79623
130620
148418
145459
85197
222411
48002
159744
2367
180589
173867
241487
60755
139950
86471
192259
131083
246013
15801
61624
64150
53827
129911
169137
52886
132114
166066
92809
153983
258668
8749
205458
107281
17154
113161
149503
224980
151630
215812
84990
3967
231107
251782
259022
91240
180783
37746
38733
171187
130275
60088
260570
218764
237779
66441
237839
200950
102608
126337
128715
149539
53221
230303
131222
73264
157147
75840
217330
163391
62655
111353
162406
166171
35253
161209
245739
209120
95853
51991
174388
86393
258607
82726
255748
201265
73769
216717
222741
99010
209960
157616
232044
88135
202889
89537
1036
243376
137074
5799
170039
245789
117502
77804
178869
69545
34854
114747
254973
66105
141919
105358
193739
201508
8311
258199
12191
19979
35622
4500
73507
201141
163372
174171
53335
209682
258084
73863
60504
52854
143755
46076
148515
84550
227094
260795
25262
6783
48043
204800
19050
95542
126252
62432
42596
255572
24160
141208
229869
155724
176974
91038
148674
189781
77686
160261
142537
172782
224118
254455
212667
251976
145149
145158
15672
102199
251965
193793
153226
258432
111629
126559
145804
57519
132376
171201
155476
53179
213091
210208
97039
220319
166721
83118
67904
85424
30462
31519
109145
144009
199923
121128
71861
253844
234811
111535
109934
215420
16185
131167
36819
125789
227484
105715
45257
112714
99499
198399
5971
117389
186514
107197
32087
107668
17886
258875
254336
248499
76537
25412
75247
229141
170879
208272
150003
216543
89150
167530
43088
232766
111853
242191
146524
54971
115123
143766
80676
227282
70667
227316
94690
91751
164329
40732
195555
130557
98614
208161
196914
66019
205682
36972
117258
72478
234373
207505
13871
248558
156358
184528
223865
193886
21308
165437
263000
1568
240152
25259
101704
79899
196441
199706
184481
187423
71029
227316
20510
151937
93468
122207
20138
95369
24481
152265
17276
261174
54133
222940
179362
114017
115788
79849
32754
40284
83724
80511
85177
163064
158675
34754
145314
188580
228116
35882
155358
192434
89054
5265
239724
110197
6951
226222
228754
63952
38089
161202
130289
245018
31520
36103
229710
256935
236475
239483
169916
133123
201464
131161
82105
151122
92730
165764
196670
179246
162991
12889
242796
246030
129845
24600
231923
74448
51632
133823
199632
116097
195090
113203
163952
196477
22017
300455
165154
89895
80264
41222
317225
238962
429970
151931
192351
131630
332288
390349
150281
358368
270497
421681
380305
187293
351069
224048
188852
364877
320141
200389
57548
136406
44500
230421
70382
195212
204412
168997
171204
88020
63206
147368
253479
263347
157722
128846
274155
433238
270408
427502
295183
423868
282342
127047
427556
368285
5537
49353
156568
225103
168902
357693
11668
240112
61659
15333
333063
334839
424533
25751
69420
213718
388091
162106
403904
251415
219558
144532
7108
341436
94994
253742
188437
263
7268
72127
334117
151646
27318
223667
179361
46763
212859
22612
54341
116867
199218
405524
1925
43359
259934
85881
229464
358994
379411
80471
100478
350158
232596
361437
215219
264404
241380
194558
118450
166564
181535
15170
318105
409980
349291
127155
96086
241508
242549
8086
38050
264671
420819
1135
175546
396054
334210
160548
177854
220698
17780
19650
217632
270680
256569
396350
379389
52449
162985
296278
135349
88079
60357
428407
211622
243758
39692
171400
352698
195906
113313
296353
210077
335644
144585
104060
366990
141960
182965
143959
176273
16455
43591
387356
108335
312089
132318
192750
263776
107924
203052
166696
232256
40123
271490
288208
399932
142130
406584
146345
69549
214968
109610
372395
414513
260148
170704
144407
213901
210647
282680
325621
195984
82936
389704
74288
166116
53586
89440
41580
384702
78319
206973
350833
321324
212797
103070
243416
134838
294089
383767
26529
50099
218076
420164
35959
389517
403006
251072
409830
272120
219134
289714
66710
181369
341561
207576
157754
362273
311281
27953
194371
375585
56694
308017
241787
131885
347793
401872
238619
253703
191112
426671
197355
117162
178449
248342
40985
362664
293319
42603
207618
38762
74489
12648
66610
21956
206031
434720
280306
304488
89464
138108
219492
56261
128253
90653
101485
283748
48450
403148
41148
114980
266199
43031
58382
311793
292816
20494
429074
67854
3751
199731
201989
109343
258277
193631
330063
374737
336711
99567
71820
371072
425597
355344
382387
368799
60106
319507
94745
340666
419743
44913
235374
388802
143951
359645
378130
58807
79083
93599
315750
240074
73663
30418
31167
349562
297848
243450
206592
148042
77421
44714
195204
130145
431739
128223
164543
252014
320346
234747
131918
280823
371251
5723
27391
320853
53919
388496
297221
351543
220786
169452
326465
101936
96365
41058
399392
50516
238620
305288
38137
198955
384175
341181
62894
17425
215225
233344
810
145301
150363
67657
336372
277199
2544
233469
165429
132739
62611
187801
123444
323251
306170
272826
370275
146354
432619
27194
246250
386718
193413
203542
9413
300912
288601
111595
172341
229116
34176
177958
312536
403490
16723
207150
41609
425833
84922
72264
8391
166359
340291
101505
191201
33877
225029
108228
364279
411390
248934
36441
83274
3966
134385
262532
277540
267901
99312
87263
178427
344022
75174
419423
6703
298856
406153
24582
275972
221958
368577
381266
391783
220748
147242
174075
257284
207526
99016
250311
64830
189490
276931
89079
70752
269793
273928
42247
342960
113607
399139
208338
284179
381347
85548
231114
137626
99762
113076
359927
328010
101558
323513
138516
320868
113476
367937
333231
216078
427779
388971
280137
122231
333621
396872
333201
280068
197687
406698
226855
66727
404373
226479
43582
408983
136650
172988
281352
275086
358658
265322
267706
83419
191706
279998
260417
237292
173856
359195
298795
167199
173201
330632
27872
112261
148542
121124
401375
360042
173061
404109
379232
55069
61973
248927
225177
188679
148780
331332
81829
127517
385511
39085
367250
336768
431634
366256
425012
406689
228056
326153
114476
244078
76877
353975
147672
303143
122599
276870
219757
422627
397249
69326
167008
2249
174365
240765
321635
380230
102988
385351
172497
176309
423189
263345
23617
251138
431655
285862
274879
386195
8979
44617
154537
121593
201786
422251
152238
147779
8540
261108
139831
281156
311110
212885
333529
427699
268774
151523
375564
159237
172526
344100
136849
28861
381405
5680
280616
135457
332255
220450
425822
400759
249134
74708
217865
158850
207899
279491
123498
404205
426453
68874
89187
341530
31074
44027
252863
108293
39803
83497
245078
126461
223697
276126
20836
244565
47016
111159
345903
385778
407135
312273
267058
118796
345765
392662
272772
86555
317541
236132
435479
264067
100669
11165
220381
387883
219215
330248
427255
99667
129738
406598
403919
291447
248300
16638
400742
123075
48397
76651
9584
24962
35557
107539
282655
364500
177936
207371
221051
260115
69131
109931
35858
363751
367247
353033
297403
433763
125672
360106
140975
213187
16839
293232
397776
185642
394435
329247
6980
78883
176134
143525
202378
284897
425123
128844
326410
363410
155056
409271
338659
326272
282954
206122
391251
56628
195323
433389
169907
32284
406024
289798
331291
32483
352585
345712
429134
381139
370237
44757
935
371607
215604
336158
216285
23276
7970
311543
358749
218075
178246
273445
278505
362203
370513
103232
336477
309905
236636
330059
143173
32030
144810
404471
80065
171693
143133
258158
142456
199048
333854
276885
83651
265147
361522
251608
426942
134239
19677
118045
118056
186186
127343
247161
21506
261169
55021
154361
167579
373026
407181
76530
300739
12943
141945
248291
248858
435256
357221
38467
85426
212489
316091
107252
178824
141439
411444
27196
170937
75334
434925
51284
236502
16785
125758
364917
268955
179764
336722
111450
73826
58352
298990
326122
389486
261210
117547
115264
191500
340238
101368
6843
325296
347835
301755
220300
190574
339251
192333
2226
23629
99234
318128
409291
260613
305287
411486
38836
326869
5869
410290
46939
332954
133163
8364
235775
141023
87236
377639
11513
116923
392700
107330
307926
296608
19623
368097
264563
366819
269072
361247
235308
232323
353887
211538
290950
160601
335271
421719
94597
435392
382027
94849
111608
87051
229317
277995
257101
265570
163015
105057
283970
8482
361723
305172
105329
48941
237056
262615
433591
207745
190430
170269
38793
101254
391348
397972
386036
251359
229121
246814
425763
300207
353612
403950
304954
57181
140170
335382
141689
122969
207282
79221
319861
297878
365511
275900
232913
410894
181664
416464
33608
24737
179495
266807
361090
246688
389118
32557
134890
214762
267593
248476
195438
129766
81283
342120
62609
202735
205378
391421
337719
91641
6752
392616
368699
120444
54841
265466
71025
19847
419863
181266
207226
202977
331944
21806
275241
353300
151711
337702
310096
199436
219533
93617
338536
270999
389498
197672
314668
137996
387514
273076
187316
337216
329093
423772
89865
46861
130846
428088
82074
184581
108154
196965
175370
112168
408831
268374
54355
63843
323243
415104
67625
29038
430575
60319
113014
26956
19620
122390
387016
322209
12269
434728
238908
278205
378654
281791
112074
123150
246355
98032
256501
408670
177043
35446
705823
132081
30089
592714
317217
852530
923834
479603
451140
102388
753179
349167
367718
425102
140563
97025
141918
122165
289153
934675
859173
1042869
440216
566078
1016051
319733
681331
68420
798734
301828
62577
96524
9176
828094
314785
595308
29454
506822
401114
1051635
52207
1045644
660500
402819
988802
1018764
794108
946483
405802
792222
16827
514778
266171
206561
95949
1014076
940405
262910
414249
300604
1060984
4287
745497
208233
275205
182727
698825
789906
790930
252515
565504
416252
566775
656670
274516
1004308
587484
740450
270206
795121
259979
218660
295585
544033
934658
593628
373979
555927
309275
851403
480712
539525
104771
1021410
539498
610997
344235
69122
767847
37176
29936
443131
1021901
1035278
522496
535200
982857
691637
665540
843822
770042
624748
904708
64937
997634
615525
875118
812701
59163
778052
214142
966083
698818
595468
611231
119253
443965
45406
58104
571084
664050
394148
246714
676652
604686
268752
8420
326667
442412
382437
981657
1055149
626908
324151
592115
51591
83293
35798
272822
326492
477994
7176
450312
574869
637195
257207
79228
1045923
723752
11382
576150
573481
199321
370667
702945
730867
983012
287585
143711
636888
439992
401206
517292
915966
367060
867752
680929
983870
670744
733610
671930
104484
203969
328731
945132
819194
170555
524577
217386
549124
678731
147889
98573
860144
797137
453846
298696
364474
331616
540954
1040040
972712
891390
518676
178297
313455
795517
836922
664927
283640
531284
790380
677033
713863
468291
596237
925806
268784
306703
166437
475492
1032638
322452
475940
46106
308692
878282
788587
564767
113820
307124
91247
899239
290591
838099
311175
627528
895441
763229
557591
441801
6958
276197
425255
918228
494255
939741
769122
636141
285386
136973
28296
560607
334713
605958
753404
378821
988074
176140
425606
572637
630560
125596
591822
770236
237426
94002
1052927
570675
598679
590785
535232
732678
244856
486492
4634
971541
882347
345716
930699
662218
24610
54080
31062
776017
873213
602057
647249
481609
554393
943785
338071
884829
252927
696036
657338
211001
734706
379717
271053
15742
833377
102569
263374
992965
933495
758010
331556
493433
113849
388342
97579
834351
1006625
218286
680642
1042177
233044
544503
39764
695402
1024074
555666
646108
250953
858800
912360
310463
408897
201243
144623
861212
706746
642387
210908
338573
1036627
979955
719725
952233
696861
991190
7877
596397
168598
1043958
299759
120254
239891
877986
65024
738326
890046
1004786
584809
891289
1008517
750141
424598
53401
764411
906418
242994
381515
409545
5509
786900
957437
772956
527181
89331
498685
850807
425083
906204
488833
196076
1045626
1042155
1064156
997483
237110
433732
1011186
87843
114310
197303
656238
482053
943747
180039
608730
377688
196402
321962
421400
950455
963078
924881
140731
443704
880506
558645
618741
167923
739797
544925
414685
243347
962688
182485
814380
44046
827967
682794
601884
914349
697130
259600
824533
118824
156701
462713
967578
254298
961979
864211
189956
794281
497418
606854
462822
892533
234662
25681
960872
482774
189471
1070176
271780
946564
381489
559974
1029874
970585
690579
937434
29715
933586
222565
1014180
484989
611851
753282
451741
246965
879054
140154
581116
343140
247176
369605
497960
564434
354305
392262
590670
105904
932927
125013
504480
23439
691041
63027
1024229
64323
821102
5871
214464
752057
738522
248095
641803
842553
142809
199864
720761
341664
77504
994800
501466
683978
874268
643078
641371
277734
89312
258941
570436
616686
379901
741751
730461
62321
108338
220538
736477
1004196
214598
249335
592266
856095
434115
793910
527371
28637
847379
628167
164643
696646
367842
264001
751325
574313
155935
442124
731934
810996
724096
790832
565359
469580
210089
540434
99076
338321
774497
500862
490751
802585
209664
15121
853769
727879
1051256
69796
197429
579209
1018341
472859
667564
204568
794719
208347
91445
242997
875873
623923
465452
547971
420370
683179
538361
406533
383479
223975
1413
42960
824581
392442
952847
598352
584166
37843
884918
116182
894191
543319
372589
539110
449477
427344
882237
628238
102828
933685
585745
434253
1065154
839762
748519
805217
375538
625118
609229
433820
238154
890813
712686
67673
398981
800814
83253
465477
327396
338943
881416
268482
803537
625313
368669
21329
231139
38054
1051427
379571
797694
436582
726293
340194
518139
440445
134138
967349
222759
661282
962636
270075
975970
448440
104465
718269
319238
93947
677143
100669
494495
905677
179665
947525
1015544
65677
292867
721812
334490
536699
309105
722330
720660
1055090
631635
903925
626497
374996
471500
280411
171793
1015081
681840
353730
147611
836501
456237
775667
685949
124556
226981
302963
697331
1040857
311321
966716
596980
328991
959155
605991
954366
183714
551180
446749
30603
104570
529411
801670
466709
706414
713651
332969
895392
900292
1035290
201778
189239
189133
416698
288390
897796
395493
181710
203807
280155
807665
584800
924670
732220
575203
571709
236647
234298
882584
442879
788905
184167
627131
1001793
704904
812984
135003
203060
427832
125099
1013631
90857
838972
747883
666759
442387
390685
499310
373647
920579
23516
901961
990595
599408
660534
1041695
802531
164907
838923
603524
723784
820594
744290
443127
822455
816721
956518
695098
373560
915397
329853
258115
330108
14352
717029
533961
1045004
105139
675907
766481
532205
964566
542349
985692
194635
570235
28269
1038089
632588
147640
290549
30895
346996
674705
374909
832106
264852
255085
387408
343342
72939
797140
52767
150194
437526
345813
360652
374469
203351
41392
801200
105606
671618
184094
982684
570694
822230
847440
443527
180586
676684
990344
593716
365217
1034220
756543
661323
451330
913448
1012199
544077
501612
191191
100554
348134
136003
498147
682387
802002
960754
835429
151123
438694
379549
619094
798131
215106
388727
650243
731624
151637
643427
1065799
52488
993650
183504
280396
566295
318297
382073
957825
720794
790787
960444
980019
750247
870536
401674
269345
283617
539229
332539
492356
919933
464911
368276
32067
906507
509433
265333
38500
170965
268503
395228
98626
111685
836574
838697
1033667
1069208
919885
161779
76411
85646
485095
695529
1057168
52864
510958
483752
508153
628655
730270
532905
775839
812372
280062
958516
662671
632926
776358
291593
196397
1018446
934749
698155
408476
337485
34628
143147
783344
56048
549904
40112
678959
980573
621725
77716
997840
145710
599809
925348
481516
457871
444064
256236
176770
911047
1017456
559481
244429
701590
52685
304509
186309
532970
675300
414635
271008
1054177
403148
562713
1003913
997201
1045152
197266
646593
775968
298394
370035
911912
961429
981556
1054870
868802
278477
969317
472102
625791
474080
266450
510382
499826
993538
677668
973532
577420
417257
99898
52005
60655
860884
552888
243666
42753
90088
318717
603464
507052
236997
510432
324157
1004739
196685
524382
384179
721372
996225
888889
763780
577870
622062
74570
25972
681777
77183
93730
900294
523971
513948
417493
1014606
763422
1033357
800578
894793
961846
585877
601630
451873
758242
754268
1375686
909924
380632
571280
926748
12110
1558772
970541
1626242
1791527
773057
989857
1059599
1517597
183009
1104993
424431
468859
1054411
1462169
697843
423930
749858
578421
145991
1668182
1574011
1182255
1282524
1634206
263656
206983
1454679
84527
307359
1673004
1612353
444572
1600591
1438873
93503
1739199
574842
1001686
431054
987846
184839
1864990
462049
1331362
196777
1330372
1319672
1354096
1871506
1849600
1191964
333085
1320001
806927
671226
1037144
172357
1569152
143591
959576
714629
1223068
1247647
246503
179880
1302533
494650
321406
1561768
748461
105861
271814
1870494
1394816
1442043
463639
1344904
1373727
964433
521452
1825519
1589727
160167
1317575
1630844
1137683
552204
606300
433218
655153
1538263
732496
1879068
767658
427016
1170569
1704473
1755459
1371992
769329
431010
31480
17072
106474
1712465
916929
953989
17212
938402
1450690
665358
318517
673494
1417226
438950
340261
794130
444551
1491713
1743685
1794844
1746847
1492793
1356022
1622499
497177
719910
1840442
72424
139453
736163
1863526
1333648
1415065
1450479
1321479
1111304
1768288
124325
1735856
740769
1217435
231481
1445461
1607485
1779664
1138197
574503
1725399
589146
1848882
1713141
753083
374031
6864
1697801
1525674
799690
782860
1616822
1012819
1434555
922992
1805616
699190
634017
1488142
318005
1120527
1710010
1875493
466403
1132794
932454
693999
1006562
755509
1040589
1150738
1027455
50715
1580754
709193
962836
1182174
139866
1372596
1750774
945932
1603799
42252
529503
343417
1549833
1116861
526838
939323
1780003
706915
1143182
225433
238695
1889318
1286174
1855453
1175743
792273
1769036
1866717
1703415
1188097
851716
1038409
958690
666498
334975
1494106
1563529
1636709
1510614
549423
199615
1092167
1068764
579460
752209
1702995
595539
1418399
1187290
356663
159582
687313
526134
1273377
625932
1423668
1755874
1867767
284466
888756
915346
1714170
142903
1656491
509405
1443836
564487
983475
1155734
1236554
780215
1680782
1876620
652666
1287716
862708
833736
896702
1001386
898211
1749102
1253347
1173759
104772
1194237
1776105
1184304
1693295
406560
996142
1070138
1562285
1136291
1471891
304119
1313415
1412712
1549565
1504148
207903
178419
1855592
250642
1606401
1668980
1425048
679765
1343554
256067
1136488
1886110
1686977
1717229
1177232
1591443
1211701
551897
1723962
499497
533311
742654
1608157
237631
903422
576904
127453
1190376
1053776
1751536
1420921
798898
1813403
991855
744712
268852
360391
419136
98872
1620822
224034
1633582
879111
1239488
1023503
864459
1143750
368986
1605530
377834
34948
811020
731762
1437457
960493
424306
1474376
127393
1582409
1469129
1058467
1750898
1179700
451309
663481
427412
549398
167338
577775
1185365
1363637
1314173
1776745
483440
1882016
774813
60289
434639
1828350
1207973
788660
373015
983004
1210597
1218718
281801
706195
230116
220295
651841
331072
334734
1135120
222727
246699
1229433
1657463
1446988
1216370
901808
1754109
1718007
1370962
1643807
1735249
876323
422865
1049059
89617
295586
1293863
927437
1718844
401541
1250380
180051
1560529
274541
546743
1705502
914558
1531067
11254
560354
1034666
1883763
972337
89604
1403996
918336
868064
950805
179199
169831
326448
672881
1157722
1169807
1484637
343416
1177480
1548395
1256750
132938
1202714
124871
1223230
717742
1374592
1201941
1354284
1051232
779332
381544
1133956
75212
1061325
1644007
926553
1679384
10974
900607
62686
1710203
1579492
1729695
78905
255530
776099
304961
1844227
922053
1077350
515566
1043568
833732
1664152
880125
535443
346870
794412
1749273
149433
322932
1715447
1426964
81636
1757165
1615639
345643
241813
896505
96469
333366
1549712
856032
1830372
400196
1792863
1496714
424591
1877731
564634
738783
1681758
131420
855179
530100
1395932
174937
617272
581708
819029
1128011
296410
929949
840342
1709421
325892
285812
233194
631784
36535
1113591
1098920
1560866
1393067
864399
1715856
115927
1799890
1324645
1036310
263579
1700641
552606
1448815
204963
1419844
100572
1198459
935519
986767
1504184
492890
6829
1257364
1633575
583911
356438
1520114
1401142
684813
1637034
1516036
1323984
581798
1524392
759983
1453944
1349250
728408
1383625
192228
1441891
1434842
531280
740681
1624843
503505
1298075
665122
787554
631194
510029
465356
246473
1648648
256309
298196
1463111
1360767
1751777
1801862
1179726
1809439
833418
1058238
1364637
351263
475132
434508
601761
943081
1106786
1629840
157070
782660
1792619
577408
1590452
259894
1561971
745405
1598941
93214
22473
1869248
1684448
555875
1236360
1579503
1394693
2841
238624
969405
149850
953509
1138809
1821184
1386959
103763
1033498
1107237
77279
318929
549389
1298447
34726
423334
955106
1175996
1695608
1890347
1011173
381914
917869
990319
123634
1852068
943422
105930
1252183
619649
1779235
151637
100669
1022052
639892
849064
25055
749759
1272417
559238
538197
188342
1765058
157186
772218
1486905
893387
577734
148929
899518
1212748
549071
644507
1254297
1630286
1422160
925404
832858
978343
999642
358256
1484769
825651
1319269
1771475
1763401
1150124
1404781
794057
1820740
1655368
1775581
145342
563173
299045
1465624
267733
982514
1713459
177150
1221132
1761097
1435778
866449
1599088
1836933
1222029
644976
1512893
1564625
880151
134186
1272583
832646
119045
1762916
1541726
894188
91015
981471
1148389
1162931
1722857
920543
1607434
821820
807357
818224
664083
1766545
769852
714682
1863221
1063214
1478693
344902
1563651
289439
498495
1814198
877904
367646
292586
465764
945925
1739797
1053709
1692302
1246104
163106
1018571
643818
607219
678478
1216808
394397
420633
962728
539290
1669888
1325748
383748
1638295
106135
1049937
418943
1259442
1351293
1069587
1563752
1705201
1563862
1793762
948238
1137837
518830
1801942
1061414
1570006
1134384
510360
1389013
1689658
337025
62016
337580
1041680
593613
1128594
460434
1342731
1430580
473220
1876850
842297
881539
338692
1713836
784990
1488158
1134392
1205601
427742
303454
523820
1005522
334530
303164
220035
1442353
965379
1488559
1777198
1441607
545196
109757
47442
556224
297326
1105089
214944
1279075
1247276
430793
945007
1121022
897600
1805834
1103916
46734
1469145
1437887
1027610
583148
1445166
737460
981604
1765345
781528
396754
287654
337483
1310112
560615
682698
281511
319601
368993
896263
1263524
305325
1184294
718081
216372
1846340
408898
1204472
502003
1481076
1629174
743536
1498371
812838
1483917
2260
751094
1448988
185892
659159
849433
1497582
1822249
596090
26385
87433
1423694
749000
1449868
1489992
1862317
8782
391215
322931
807595
1461563
670344
1506737
1879570
1035216
1362748
262077
1027187
518256
1164293
220588
201063
1414153
278518
242954
1792743
1334519
882032
1656243
1644646
1850312
996862
603585
1714844
1683859
1721466
1679878
243003
179753
123054
681204
718601
1561640
148918
1544990
719090
1501522
317439
440564
1818325
1611982
247241
754260
1195639
567527
1838913
417245
447208
1340902
1415139
981068
1090942
550743
1288259
141226
1707109
47500
1745631
1518164
327150
1442717
34984
1424140
1021602
1078318
460682
1753724
1242539
1551383
1887153
447130
146380
358359
1778582
125220
662776
972358
610655
1662144
453480
769561
1500412
1539356
1528315
565689
1483912
1337285
581019
705058
272730
1648089
1471785
1633267
308885
415260
845622
750096
890860
380924
672132
162199
1033003
486898
1786507
674186
613612
1103929
1643285
1350592
1324548
379481
133427
1698958
601784
144025
209250
130522
879279
965461
882946
1425585
662485
764710
558651
32071
1063908
753931
132506
812999
1715525
1081776
336819
1276214
1379260
1135836
96881
160786
2743854
3193430
2467499
879899
1302423
1804840
2617604
3214104
1793843
1628891
394759
335291
2136627
1656329
1966231
2014609
1208607
3012147
246497
38912
2254772
3197414
2533069
891143
1059188
482917
697839
1417910
479279
3257917
3081298
852633
578979
1663049
2348147
3268680
1735657
2278050
2976026
2292675
280547
2784822
889460
1108513
2762575
1109910
3335994
232193
418643
2036111
2681430
172465
2763583
3277133
211029
767521
2042437
2364246
2346396
1596297
1536228
1945542
2858693
3378516
3157204
3339788
1712116
1248419
554088
313722
2898115
2150977
2823531
1569488
2579303
1271596
463313
3579074
2690533
296380
1576349
1784787
1739741
1461201
1255796
3058947
1046110
2791502
717845
2736606
2118095
1109717
922377
494735
850512
453345
1722944
306646
3461282
3052175
1732714
2568027
2313744
345503
713216
920058
1681631
2708380
415603
808238
1289891
1882920
2583942
1066840
3041640
860717
328553
2144498
3379594
265207
163430
621159
510700
1744729
229692
3086701
2004495
2722361
2644791
1626359
1605255
1453482
507140
2766048
3383642
2570865
1512180
2687794
1112884
244843
1576811
1052103
188146
2761064
1260704
2216405
1465819
2989710
964905
451014
3378334
2486939
3509563
2398998
599954
3260685
566706
1243675
1784290
1777733
2983482
502273
1361063
119297
1134722
1265835
887850
1290550
3518828
2716899
30427
886868
388786
3140552
3430942
3408014
2609462
962139
2887874
887814
2546031
2232689
497744
1528332
909825
1832392
1215512
2431669
3039746
1073036
1483204
279186
2982658
2654512
512705
3590166
287295
1083937
338793
2097273
1448821
3083154
1240246
1564293
2974024
849095
1709699
1352649
559550
1555588
1246524
2320934
1961307
3213143
608461
1738662
2937118
2017277
1329336
3048677
3514559
1563343
3215996
909313
1514474
2143461
1307693
1590479
1566304
160421
212452
1527708
417936
1918255
823592
3346292
3456024
3259447
2416949
545981
330699
389459
850875
3097335
480597
2781887
2452499
2032563
1551618
1913367
3509070
410399
267710
136905
1535644
3017459
667989
1694678
2682517
2125986
2641090
2940390
2914506
2555345
3515091
538373
721069
1383329
1914279
969098
3097404
801869
1984797
3474200
1879880
3316032
1500757
1501540
1327790
2578425
3116917
155400
1361231
3016709
354625
1316753
2563686
1808743
1910829
208494
2770110
2903000
2583704
2383167
2158462
3345696
1775428
106063
2335487
1003489
805618
733461
2628807
1614824
3310751
2921666
2643505
450142
1221903
1025684
1491939
3247064
1569514
995347
172938
1186433
2509022
1643520
2652042
3374503
3271605
2142068
3113532
3029300
2721180
2307120
2123402
283241
3498633
2189238
573086
1945787
3485509
1916975
2333254
3093042
2580345
2512667
2418641
1022010
3293989
2155695
2580353
2807345
1907468
3447594
2069291
153983
3574008
2685050
1953757
2504818
2005900
3030735
1552151
3261400
1078913
3066286
2447352
730949
968628
2320978
564621
3184040
2735862
1038588
2639880
2026477
2257930
63019
102654
2353258
2438552
3030777
1391589
1127705
2531590
3588080
3219304
931878
929568
743200
105194
2806548
1523926
3468865
3489648
103809
1340082
1806802
1487633
2387549
80227
3516813
1036106
2951734
1904761
2830782
161649
774456
2203936
1502100
163859
1720198
2930438
1531272
1052827
1240050
1781430
2622528
1092534
2078871
2966235
1408628
1539682
3003403
1017726
429899
3407072
875469
1162701
853997
22600
644243
1442230
1917228
2538071
1933437
3497073
3223511
2820811
3371693
3535172
3210066
543010
3378169
2893654
1216899
23250
2910229
3317857
401622
3414876
3247215
2972785
2941402
2796054
624831
1107385
667545
1617469
1546049
1974918
2912982
2814034
759309
749082
2980517
1685933
1174322
2796872
2339295
527235
2916850
1390343
1474959
1327146
2110257
3079617
3490176
944864
3018240
1736
3153564
3219186
1831991
3034932
2601682
832450
3386730
1905681
3420550
2474018
1126212
652460
2439984
2562910
1481213
2449679
3336541
3553984
1783338
3036857
249497
1966
683421
3089237
3330418
3331815
1215305
2770055
172919
2810551
3383214
3584570
1027511
1986702
227262
1787190
3484187
2302930
1886747
1968617
1053837
666492
277405
3220092
3360832
2104457
495005
857875
2925995
2523309
2459457
1819960
3395315
209667
507755
597641
1175753
2020678
1996340
2797766
475545
2199632
1583947
683010
3197746
2254520
1213855
1699262
2788690
2693987
1382873
3047982
1851422
2201728
407845
197632
894414
43883
46092
685340
2123155
3492362
1605660
1643218
797590
2282117
2220153
224692
497173
2510658
1122951
2682691
3295497
1791386
1643411
282465
2712247
1694897
2663488
2409296
1372357
232861
119926
1361123
179634
2416401
1171391
1509894
2416987
611233
3073668
2418286
1964186
202237
1148336
1785790
999983
704524
2476205
3525575
528749
2148369
2033765
2568407
3360921
2208189
2263281
2318919
3330978
2552179
2428350
1591328
53657
2738186
1657160
3375646
3198434
1181711
2879315
3379989
2415361
68900
1207350
3497430
3098919
10340
1380275
2652639
2087464
2153738
3541566
521854
2046096
2070614
45003
2158346
2031479
836044
100669
2368478
1375780
1529611
2170430
1485647
1460056
3488122
2865807
1840037
304862
830013
353951
1000173
3405548
215580
761011
3107182
2258537
1294223
706024
3278182
116293
3569079
874695
2485325
312464
3317988
734
1241789
3450038
1503820
442805
2749217
240493
1721630
1414631
3112597
2758814
2702968
3083490
3003009
2200668
1358030
3441913
199005
1352849
307132
10864
2686940
1691110
2092157
1295363
2826609
2879128
1384724
1710568
351269
3511486
1598242
2499063
345142
795732
238887
1004285
2846520
1925717
1286740
241846
78013
635623
76289
3146131
1743031
326801
1005091
2434180
374814
2002508
1332168
835188
1187792
1920120
3277646
284918
3472883
3008340
1456676
2166673
1100446
238017
2614999
3455770
2303486
1793457
352052
2405663
3579494
415753
1079069
311214
2515496
2692444
466722
1763199
1943912
968365
1074790
3034328
875112
2499533
1153468
2767009
2928016
1688517
1179094
3150357
2614945
2258082
1694616
2838779
2423874
2788760
1928317
2362543
3453629
1326254
3464310
332757
973062
1392109
1316665
438066
1377965
1604597
414466
408146
2841841
928324
2717033
1270625
2744264
1770456
3091519
889257
1420147
1702341
520870
1259742
2132216
2267076
1899036
3574966
463449
3208073
2385478
343841
772614
3225296
2407454
2520034
2797297
1155734
59820
3406945
2575477
2928661
2940563
2912428
1105332
281532
1591896
3211872
35332
3524303
650135
861708
365127
1356919
834297
1701209
536299
1581324
1231912
1472196
2501233
419374
3273385
2859016
166828
342824
2526071
2454339
3221975
2400371
2272160
2057366
2428487
1770925
2723763
3293303
2292510
3015163
1935243
3465933
3250196
214695
2308949
3258785
1071612
579894
753433
743552
3571612
539357
3053259
3407352
2136658
1010078
3289393
3469633
1981805
2414271
944682
814377
3219193
2655727
1327192
3555924
3209417
3081160
2519263
1706859
305102
2424860
3594326
2936839
571519
3563923
2016863
828157
3068232
2905720
580201
1181209
655340
1044991
1743578
1527562
1870164
2938836
3543953
2033319
2219482
2927335
73957
465099
936413
3023216
2635218
791835
3058114
1056482
1884336
1441694
1127786
211688
354620
2484250
1539287
507485
2864114
2051093
744781
3507085
2975772
2156161
3431407
1828276
388007
62941
453255
3483193
3413920
677637
1477442
263488
3051991
2733404
1085928
1768092
637823
1088283
833933
3082011
777850
2737733
715242
228923
2286784
2779407
2985967
1802820
2653137
3531767
875127
2392085
2921149
2877841
988249
2272682
97502
292865
1329757
3131850
2322632
1972088
2651191
550688
2902453
36091
3079352
3480475
499865
2558338
3310866
549874
3538474
2411055
3153093
3076092
2446861
3587079
3414410
500794
1917261
192858
260722
201246
130064
438645
2181926
2334901
21201
1581328
1281559
2347057
698298
2523509
1064602
3232326
1751132
1675513
795555
962385
2826288
3450775
579492
827028
630046
1070647
1657096
231346
344539
2869480
803431
3448905
3971345
6005530
1616769
4479410
605690
3451859
41868
3508180
3694691
383679
4574270
3190286
3534499
5645729
592182
3994397
1665817
1964611
3997509
1576173
989696
6234494
5769923
2387693
5739331
1818236
40574
6018772
4471881
2486948
2808872
4201534
4793113
1913196
503982
1287638
3091346
2943267
5576647
5801676
2258252
3261291
940274
29820
2576276
4632139
3990082
4015758
2893635
5467634
3992267
5309321
3007269
3420676
1895389
1949630
5154105
1026412
2384800
5662455
4409049
4502145
759981
5494167
2758697
1625178
184834
1728395
3498928
87860
2683263
3703878
986308
1825564
360468
2488106
6094454
1480489
3819995
5081996
5830273
1223473
1117466
3363132
2674883
4166631
5906507
671307
912640
4419845
4558835
198546
2210042
5401541
2809611
920570
4666503
2966832
5513936
4974307
4354901
1440782
5323288
5048040
5445009
1664957
4687676
2706870
4378586
821572
223660
4139921
4304210
5248077
2166582
56701
1831083
4676708
4027598
1702139
1242370
1526188
6066647
721581
235285
5527246
3703320
5767132
5085762
6137516
3705354
2085668
1847622
1002648
4798964
3659667
227804
283221
3574833
4633501
3384004
4687087
1877651
3406695
3937189
2527598
3632246
1072796
5949586
5929032
5198256
5101725
3086395
32351
545668
5463315
3138440
5172918
2654358
709369
6017641
2545931
2424177
3441595
6112196
754025
1427087
5048352
5396616
6166678
4320500
4027878
3412108
786872
5674225
969854
5151232
3391490
1290434
3842988
4933577
762819
4608684
5030066
5465819
3841401
4458450
5139076
5381915
1830841
1996133
4379720
890425
3034614
2916136
4157434
6048560
2104194
5305368
2712280
380742
2189220
2734801
603567
1566085
804570
227071
4865504
1267340
3298356
3089561
345031
269859
1845101
4157430
4240232
5685007
3951309
1651564
4430342
1563228
1353812
4575122
2907796
2431274
4599883
1973783
2552772
1550060
1974791
3111175
4819607
538291
5109807
1219608
6243553
2668877
4991159
2128521
980278
2416949
4236551
4680996
790295
5343117
250386
3136029
5562314
1734725
438120
1843983
6155193
2590878
5912780
677021
3435114
367036
1222598
2354805
5853032
5196004
4464054
5747356
736218
2330202
5010359
2429955
2842967
4361641
4314176
3542622
2288552
3314772
3949658
97989
1679339
4217948
2355891
4481602
6177250
4684472
5141910
4402897
865125
4634441
2115041
822409
398561
2488689
4380703
2044725
2454615
933300
4539818
1640513
120522
3536389
1751253
1141126
5015665
1951601
2264470
5690221
1485135
1585194
4921508
655745
4466537
80446
1159867
1773159
3037913
698742
1560674
1561465
2189380
1600863
861020
1690826
3363810
2785938
1061860
3973281
5448752
2846592
766655
2044929
4503243
2749655
4583540
952098
2398131
5382692
3999965
179251
4505459
4378957
980817
5669661
717806
1350029
1447845
5707054
6138630
6170927
661646
5806931
3831906
474848
312878
3507486
4455338
4959601
4550521
177565
359205
1326734
5340577
1914059
2966290
4251114
3519851
843633
3715429
3495468
2808629
3420588
3201237
1011963
223141
913903
3553171
3225444
3430345
2004668
1536330
4180491
5043692
719779
916550
681244
5374122
5981115
375838
4638959
2756550
1599349
1949419
3097287
4120218
5932320
5931682
5286674
3030752
1366207
3959598
2664449
305203
376840
3532458
1698045
4306557
492547
2696133
5791661
2847709
784739
3468504
1804501
5815764
5438526
6054207
1576842
4642356
1196373
707378
2775664
765757
5843856
1431989
4434161
5409234
1788954
5446235
3270811
920084
3087097
4706130
1227518
355518
5835141
6154358
232753
190856
4119902
6023967
476488
1666780
1524628
14817
6726
1816618
2483137
1495659
4183074
1126515
3332098
678757
2094804
4215405
3328507
3080610
3304285
644381
6016326
4616322
2430148
3272796
849504
3197885
1193576
2944610
5761193
3082494
4911006
2382544
5849111
356349
4366464
2294151
2077953
4717683
1237229
3995331
1070774
1275231
6091560
1781993
2417154
1758487
56203
3879513
3342081
3370552
6072641
141072
468992
970536
743050
4629002
470924
5332246
4698019
46950
6134648
2337149
102388
408006
5026469
5726959
3599181
881417
4882706
348338
973741
2431548
5037494
2163071
2771850
4744503
4851507
3409190
1610155
2972309
1751675
5629551
2879139
3992974
2518842
1699441
3056549
4937249
206623
5723372
3884286
196812
5861368
1583504
1579119
2419988
1148897
2837570
2872348
5945801
5327777
2621670
5932151
4790209
2971080
3273169
3031193
3484975
1231904
4675924
3362189
297737
3457293
2695043
4539796
5876752
4597927
301635
4369181
4980693
3499241
2507467
35684
3734835
5216842
4496635
3818513
1401957
2921647
1499263
1049685
5222832
3768253
4489530
4772231
3789536
5617902
2695723
601286
1077094
2735135
2290975
4942045
1723270
1945853
3218952
4754469
3217094
2278092
4971997
4652641
3215613
3370378
3817946
235711
3945713
4624690
3680414
4503565
4906220
3200162
4018901
4878798
4789193
2418413
1683006
154437
5653437
4965876
2070423
2260240
2328354
564665
4345481
5986397
5673569
5688715
5453030
4822283
5618219
1635126
3041614
511685
6150426
216171
5253093
2548826
3935285
1484031
2755666
5844308
5386851
171442
4150272
2713817
546261
5381558
712451
176743
100669
3395567
3705373
411001
3631829
3815240
4357429
3546595
2824284
2215874
3285707
5054889
3852578
1993788
4641530
6001851
3399493
3833857
3235628
2221316
1131859
1566793
3589921
2709360
2987346
1700603
4428869
4678965
5085755
1158317
2999204
2781325
4033379
979355
5433985
2448305
3811172
5793028
3702431
2127139
1739463
1274670
4739154
2343596
102181
1601931
4818002
3237979
5154358
4432229
1991950
5048003
5887601
1516056
1393156
4173626
2044882
3874895
5139829
5338810
4294350
2499316
5479917
13470
4110551
3272355
5900177
635488
793102
2591500
368683
6154925
107239
4189570
4560152
5063023
4362937
5860671
775427
2108841
4475760
5980448
1177347
3795428
2923400
4992755
1463895
279593
3227236
1810171
1891359
4535707
1911325
3572942
4582359
2564699
5636924
1483793
2636875
3358664
5822070
3008279
1548835
3431043
2330979
875300
8224
4214530
4537250
5442351
2199119
6071545
4027990
2544130
728376
118957
2566053
1730227
989052
3464904
4976429
1280265
4325156
1060123
2012131
5457809
2403341
6203214
1134429
990012
2961979
2569171
5072253
4216865
4034612
3537256
6177893
2307535
4886260
997169
4026053
5683586
34068
336517
3101904
3449326
3689571
5747836
4891839
2716946
5540286
6249333
5645668
4270965
6080447
5742160
34952
4429710
5780306
2073566
666700
2421886
6115334
1011912
184159
1565338
4557004
5754464
4265356
2366313
3187380
2502039
1583955
3709378
5853896
4140287
5879781
5032788
3043735
4215978
4765526
3108259
1489803
1156915
937890
4830826
6205645
1503523
1740406
3047677
5569790
2008715
2061978
4658375
1816067
2489528
2967509
3797939
3190375
4786416
2634002
2409456
4843924
4941087
3699825
2490473
3070545
2350898
6114635
4812180
4195467
2824135
1211336
5776210
5732849
2685897
2647629
5518339
3164252
2387725
79903
4027508
3533307
2856915
1699521
46405
2864620
951781
3230511
2633588
6020482
5642053
4570758
4471505
3251531
2074880
5475325
1055827
374611
706310
5737759
2125041
4041280
572152
4796782
4128968
3099169
1535111
2563126
2880729
759663
3302012
5631942
3555460
2426503
2236606
5850534
4660457
2430437
4639398
3430317
94219
589124
2093229
2209892
3540851
4503512
3360464
5356624
4035824
5333615
3841205
4789997
2289652
2046112
2341470
4427281
6161836
4901068
2742599
1540864
3818412
1020130
4073647
1988616
2053697
2275717
138094
2708405
2179965
3930741
4386866
1531068
1268243
435480
1854937
4032188
2176641
1164065
5584993
2253576
4630834
1427409
5750928
1352594
3046251
764168
1535173
5875636
3301318
970178
2861405
4985525
4210606
5862279
3458192
5746130
538966
333746
5883298
2532628
1125596
4674508
165977
5464186
5173101
2779471
5592652
1384392
2226426
1648593
3674368
1249437
2880104
4659148
3687549
5586768
4644493
1211811
2443133
2851710
1422203
4380604
1708017
5129953
1323508
3774982
2485110
3367130
1181548
1604409
3529895
3838162
5346270
1296699
37812
4135501
4353534
2630790
2174917
4151914
2851129
3070246
1263157
4439350
1816935
5956673
375369
1712770
5080377
11311610
8868810
3034443
13326204
8371036
6841579
13066247
12584014
11168358
4738035
3132281
6025134
3196917
3825193
8575107
4630949
493645
2895696
2511830
8980155
3021133
4403427
10714796
11070518
11261692
4756929
8268292
9387696
3087334
2279665
989028
10419726
13362758
4997346
8407891
12662223
1635604
6386972
12923659
6056506
12136612
3368076
466067
10727266
4839230
8168227
12869930
7297515
10773945
6882613
12190548
2433813
8433438
12081321
12183044
10331200
7821831
2465697
5325617
4793685
12104663
1897873
3372818
1900802
360819
5151552
151204
12282287
9358534
1778108
7290188
3602372
4679154
9304686
5165801
6074387
12965052
7033809
10120033
2321002
10670412
8936987
8010303
12358643
3337435
10733368
5116629
11644411
13356194
5705322
13918037
581211
5656738
975511
2454400
5128192
10755651
9851197
73206
7957744
1135344
14024849
11897421
1952524
4359494
1516746
12389940
9949372
9699561
12694018
126165
4135926
3710341
8504923
985716
146574
6976731
8359618
11663636
1868903
10922373
13171229
12517806
6147744
12916052
6194282
8486924
2781186
10222100
8933198
13653544
13315460
9155963
4293180
3810173
1631481
2500117
9867812
2712063
9058243
6680271
7527485
11487502
6235030
465348
4740370
10152768
13619736
11553861
11951283
9979767
8967148
7242627
13402576
13721086
11487574
2488681
357305
1146683
7508737
7665331
8683308
9175505
1902167
12038912
882152
6293366
6321516
7554830
2361252
14007864
6466025
4686838
9343296
13402250
397938
7971708
3661017
3207243
2665332
12369018
9087787
6349169
11068946
14003964
7002867
6149593
2249509
13244608
2574721
267790
5455576
12040490
11291480
7632162
2316840
3409064
10486518
5684500
9567001
13856231
5441429
8909330
9699407
12236128
6541932
1164972
6648185
7018871
7323763
3719429
6475166
13997616
2791495
10340101
4159332
7798934
1943292
3196468
3650954
9835012
13841282
8095163
10110215
3217884
8635636
5945151
7018191
3895439
4413635
1038751
3220624
4078497
4416517
9758999
8612329
11212742
2416949
7731831
13292508
8831711
10839413
8861898
13590197
13572058
5863445
12481568
2319063
7200369
9739798
7755436
1342133
5594490
3064836
2204430
3146605
10108440
4683572
3666574
3550628
1052938
10720010
4402911
1917523
12727039
385601
1832400
4239406
12521016
13705596
2518738
11666357
2661171
3420468
13480851
9471146
9324138
6938864
12100798
11235097
13452677
10099065
13335017
1582537
7547481
12404433
3963287
1563965
12243671
5891172
11942114
12094681
342226
13863869
13794701
2059614
8542617
7321209
12401918
12522421
10096647
1838570
13786396
13623361
8373553
2461526
13747419
13404871
12446905
5403238
10108842
4195921
5526300
5317847
6325644
9700570
7555874
2305178
7894060
5113473
231824
8406232
988359
6939457
6820979
4465623
5723732
7404234
6083443
8048820
9432917
654331
8159099
3106397
4792817
4143725
1699638
4908653
6184013
9075646
10108990
8805383
1073382
12987523
7802266
12518296
10608686
6046926
2036906
6643897
3277961
11840949
9255765
7652182
7468281
7315339
2105466
5232946
4153291
3288057
4032149
1013692
801933
5231572
2118709
9655147
8581277
3326655
10068651
5099772
6577233
13984772
358786
4813931
2213524
2372403
9813110
13838892
3399098
6392851
9816502
10901063
9367046
1023573
4077123
1761383
11490842
12289440
6786826
2266474
4075928
8198407
8024974
3361233
5896515
9880848
4672650
12981365
6845997
12345963
6033053
448045
8724069
1196475
8711424
10416013
8101828
5533542
12474671
6408026
11601244
12954773
8907154
2136544
11764029
12581040
412805
109729
11671338
3504922
11803355
12040683
11405924
7854937
5339570
7040534
2388206
5037661
3672582
5919081
7561480
5070062
3352159
3015928
13520196
7242628
13394169
10017486
8680490
6421825
3971755
2783826
12314819
10607706
900461
10294580
6849861
2340995
6449202
4096085
11864357
10081702
9479178
7799756
2760364
11050296
13588709
13078664
526178
6679681
4988494
2840966
4161856
7945143
10525469
9451024
9284711
12437105
11454867
1712309
6281395
6852118
5467295
3514768
8392489
7406698
13073479
4089907
1334393
13764577
9981048
6072641
489464
2818400
10569560
5030130
3198082
8544012
10670182
563619
1123798
11314224
11170365
10303180
13343950
10269389
5024495
7379509
13722345
10410674
633386
5931613
6180204
5449230
5404975
701810
6935551
6630819
13324934
2433627
12824709
700819
7915615
9267931
4183006
10718618
6942361
8647861
2962225
1795903
13062324
800742
418516
9926744
3236128
5201087
10968156
12780609
6934618
12344684
6515897
8886401
11549902
5451391
3454305
8784096
2697393
8337457
9968783
9811744
2447524
1102117
13867121
4122405
720019
3742316
4319144
6598943
1985931
2204125
5202397
827433
6477827
11002284
13333859
8522090
615611
1020017
9411701
59807
480079
3272405
9383224
13620653
7826450
9761775
12717768
13881022
12706483
7465158
10486086
6610479
4482023
11489197
5725302
2896013
8303512
3956989
1944534
878844
5225373
8718017
100397
8961690
12271098
3635975
11284665
12729450
10829334
1483365
7604020
8664786
10534381
5417222
2022369
8168085
2854870
4061453
11308093
8714532
1272943
11125128
1467530
147249
12861977
674453
13044193
8196483
7865782
846243
12862155
10088278
4757582
4577061
13077642
11467819
11546869
12812962
4188661
4181831
495594
9339588
7134491
8941314
2972728
3758993
4706653
3374862
13901771
4400479
100669
13152951
10284197
10580121
10749077
10394064
12557205
3641611
2058476
13562538
8275251
6770857
2991754
8350908
4002410
1614075
442637
1668801
5521692
11117876
5868027
13420209
6034345
9953296
8515314
13110611
12660317
1595421
8897755
4368549
1568284
2908013
6667835
12737755
2730505
283249
3108708
12941948
2588231
3140643
4152215
13798878
921474
11335172
11258813
8624163
556914
756203
9061374
5319045
9172542
13342795
12244721
7329072
6921124
4807066
12625738
13790639
5836613
2223594
12652486
8793092
1250501
6338918
1913823
8008523
3165025
2224768
12424814
2079068
5928323
2242229
4362647
10958426
12981632
13199455
2900345
3632271
3378211
7415105
499720
9317368
8611315
12026876
14048360
12205019
6896847
10353697
2303068
315907
13364711
5707571
7344277
6334086
5215799
8953491
995772
9366849
1649363
2466168
288422
463159
941387
4349531
3951931
4433924
11133184
5418066
12420306
1022903
4358495
2222193
83622
7913738
11853336
10383093
10955861
12279411
7567876
1046472
7199149
672817
1526660
1598547
10782003
3419441
5550229
13447150
3135445
319220
3563747
6001107
7453333
12321625
6732412
5411584
11800877
4086847
12161868
6145073
1259229
9907322
1110916
12443309
9490696
12187526
2321995
6444620
8292103
3667106
11004910
779029
1067860
7956277
3503655
7996552
9570632
4524726
6033682
832678
1553516
415190
3031790
6603224
11530823
5218978
5253788
3082656
3816268
12503761
4010852
12069391
10227139
3133602
12432720
10655767
2891253
10814132
3835535
3165122
6544838
2690843
7334491
11072659
2717202
11409650
1817869
13261923
11909526
7176397
6266574
3117235
726074
999055
10205875
12880352
12534861
7419907
201847
2843064
6857738
2599488
2520508
6625383
4079889
10595233
10504513
12456674
13548603
1696964
3524675
12328143
1971464
717642
3029369
12126561
10752389
4467483
9458028
13607701
3765215
2754948
2704155
11405083
490305
4782573
6549932
13026901
8695135
3647092
10244218
7516381
9370270
6092457
1947299
4202584
1657645
5887011
1039723
6519326
9264711
12579209
7283184
3206608
4125990
6573392
8532121
7189767
4944206
8567057
11852951
5556404
5631942
3777164
7606079
1154078
7503158
11556001
4114733
2601030
473461
8515699
9168964
5778541
810644
6909443
13020008
5044760
2779832
4194184
12070799
6127269
12033933
6196668
4268832
3259958
10911089
6700260
13385892
6016175
12729168
12778316
4262034
9189879
5515568
10380161
11684709
1949078
6013653
4656061
2848213
7977162
5596444
12709923
6026792
5001825
3488084
9293889
7426169
7744369
10738400
9398674
13502529
10930504
12445882
8669235
9407352
7923965
10194388
5809086
4148738
6800093
7461621
8339326
6400703
6700096
6031178
4350966
13364706
10872842
2690988
5893436
8011428
13006905
6287658
6249949
8497471
11025604
966976
2669834
7271577
10411552
11386885
4659416
8914556
1269117
13944904
2574453
6898139
4950901
6220302
9526963
3108044
2499817
11740449
11429284
7491966
4137734
1392106
1371580
10247593
7816975
2755634
10937582
11877555
8744340
5946485
4638582
3612622
6081933
5260434
6188049
11175006
3454205
5041118
8238358
5378487
18012686
1464976
21780321
19413788
17053586
9373268
181761
16721008
11057864
7334403
1202924
15302045
13860184
23883314
22477284
4134290
6278125
5543989
5650920
21327276
9730109
10366214
6114233
4041104
5671192
19919543
18070127
1065769
8808018
21689324
21871355
15488395
23030698
16090815
5873049
11269013
11831759
9345264
16382920
11170743
8592110
12758463
10024997
18475437
22603550
10001206
17479081
8559927
6404874
5126939
5781956
11711318
13469232
11612362
2103421
19566734
21533862
5018239
6032317
10274763
7371561
9046314
5648460
9073545
9917453
15939075
6034489
17143361
16367446
17016344
19199298
12996633
21013582
8227561
9169020
15564656
6438764
9051694
9877682
15748376
16155958
19324780
11443151
1577058
8936987
6164352
15059369
20974752
4836328
23001740
15365108
14376165
6890489
17721332
1435986
4223777
17262465
7442862
19899587
229336
19221140
16855748
17162491
6289002
10745937
19834403
11570261
15575388
1351550
19059157
2701969
11987297
6714380
16330521
3888132
23111011
22338945
17272670
13732802
5213378
20512885
18250255
2971472
10426785
3057904
14888140
12651765
9554542
13966068
13640582
17882973
8623943
12653895
23436477
17118755
18525906
13580525
13427910
6537345
4705255
21001108
23132704
14129303
20679489
10063015
13610042
7007207
4103447
15791068
13708269
16072668
14254587
12723460
13865660
11420080
4294107
5824781
2009604
3827181
23487508
16892053
9496655
3044658
11220832
1022915
11628437
8653982
14409246
13448409
16076299
14506292
17172567
7680106
7945628
1754152
17005301
4466227
10205936
23932295
10176846
21793922
9711264
7571196
11708234
20055887
5770983
8037828
14776141
9786191
11055457
21815375
14016785
22223185
1452957
13309960
14823814
1095557
1487328
16316058
21294175
8640567
6869667
17669179
16226565
12028048
22825950
6833485
20007914
4778579
3370110
751145
20852893
2611890
2121272
3196254
15182783
18141076
20123034
3581146
23148515
7344744
17113088
18752741
19287553
2294996
9280330
8512058
12670425
12356333
13882133
22037380
18997226
11000254
11924253
11405400
21798412
16982774
16758608
19745625
19149724
2416949
8916998
18446166
5883191
20209356
14015556
8713128
2190968
8068583
1955253
9070878
22054362
6378288
21672056
10794674
8047422
5187376
193283
22382079
22096511
9672034
4603947
12837973
13536597
4740372
8041010
6905985
23695139
12621466
7068656
22124517
20457998
15910734
2436140
18335574
650024
4357841
21830823
3656704
13540423
10742159
6038562
19337275
6370470
11036438
23035352
12385441
4185971
7857756
10302112
14984997
21861408
15591507
4199123
7217612
11475522
23151214
3268386
7130674
18160354
6908219
18988537
20624599
15250305
21404436
14558573
11942606
23392742
16047754
6665212
12991881
16663190
19485054
22344707
13400668
12443311
17636310
7263017
22266827
2678805
15726210
15996238
21317829
15085817
10693968
12121655
23721999
3542067
8599310
21928088
10104960
9969336
1738790
1937720
7406146
3612422
21239302
18461643
2710764
23635838
22958960
4751052
477880
18045972
18010130
14907404
18058583
15739248
1991981
11463461
13901310
190955
2345014
21410866
19860529
18460512
569975
1488643
15334919
10125046
3221799
5173262
9792078
16515808
6249948
12790004
10715622
22952340
23241375
18116416
1398106
5687170
3501615
10793518
10540664
19842054
5833902
10480898
13588297
19017857
14858863
23819739
20226873
22465357
10901063
6335928
13094242
22044832
3029148
19262628
13639803
18940093
7833122
18929921
16300585
17312319
21246344
16616821
15447496
20877006
15599493
14700381
23066269
12950064
5519105
23495464
15030497
22462848
15569671
20337693
6883905
6742827
6325428
5539008
22324716
226790
21289420
10331068
19332855
14164229
15376712
11671338
7638609
13153718
11462497
14961425
14854546
6359541
4946789
19005552
5975034
8908838
17989750
15333266
18573692
5887689
10870312
293155
3798520
1600089
6821172
1267891
5926237
18908346
11133798
13582584
17029129
12033757
1614216
16054608
577642
21798783
23331559
21564692
19369047
17829150
7386766
7748826
10554708
15793847
8284193
22627574
11750741
11822907
21911244
1213336
17480282
1597311
4986945
11655045
6209673
18206682
8464124
18517260
20273150
590226
7400661
5361371
1592256
176830
4944682
13652856
454938
6949930
6072641
21405693
7972058
17486571
1503424
3115484
14028062
1824622
18531328
463014
8200508
3509972
9807592
3230625
73466
7312231
12615765
2258657
4265840
4684475
15631948
2983890
19283252
10971623
19772088
17821053
3682299
8778257
6154324
15360239
6019673
20151480
19050864
6883732
2038254
20693785
19368167
23382866
20094004
12401540
13449597
11551812
19214089
14452022
16169187
23204021
12367619
707186
9478762
14618075
2989361
5239872
18872423
4722070
6690351
14768062
15006674
21102079
6532832
3302299
17471669
4773767
13574946
21140660
4679689
18400960
14783719
21634395
19924040
16335693
3362963
14414809
1136753
20250870
7006531
14201839
17719961
21977958
23841958
14231503
22590477
20020932
16156183
14743461
3947333
6407738
22065798
9510169
52559
14702371
13197098
15367525
15540286
22094854
16399643
3839433
4894362
20077439
9228816
843892
18005362
4316682
19681996
23156600
3470779
10623881
2698723
7467824
7050013
9726560
9602159
6152900
5086830
3207536
13156547
3544449
19080642
14946192
5518218
2210316
11897305
9487110
6486074
16665272
14178083
20815979
7618297
5937233
13082108
10851008
20973780
8891269
13864406
22530183
5653377
19979439
5235167
23754527
6304371
16865146
10524755
19700748
8363128
22455996
18612986
15344361
15362933
23354312
7955980
100669
14338118
22767856
1651963
22902344
22877723
3876841
4991974
11428419
9098459
2460809
10904544
11011334
9701271
23155286
15918
22874425
19388716
17757557
20322623
4435066
193168
12538366
7942149
2370480
1564325
12412523
14244276
22566581
1502627
1485686
12690946
15872582
22107698
20780812
18003164
5396444
9580438
14989292
9562066
2223666
13798878
7425495
21890282
4094008
19427067
8741690
5992459
133216
1957535
14243602
6012794
13595084
5235327
776290
5827037
17531602
9243962
23721724
6439879
22187625
17225662
17867847
23204058
11201168
6575562
12782762
20522869
12011824
7067530
8216059
7395887
16350718
2195464
15434564
11601298
18332524
4487046
4150388
14084322
12735585
16234379
9300894
11779082
22398332
1761302
23348997
75176
17404855
7315516
18683565
6397150
23796427
1374419
6235770
18736424
3779096
12150173
23833357
2053178
2658756
12781622
4579486
9420591
6735255
22484231
19483156
14540215
15203630
14939523
6811427
293644
20752057
7500748
20203308
2805298
4976223
8752705
20051535
23147868
2569874
4310916
18226604
1268155
10203817
6974942
9766514
11436003
11320221
11039526
20098495
14268481
21039561
2290898
8854952
3813427
7006406
1138327
18583291
18546134
2444396
13462823
450132
18782134
19273629
3176770
19104537
382384
8126907
17170736
11942283
20014503
20716324
11842170
7389548
11799847
23569850
5875089
1652201
3450806
22139353
12403261
15680645
17323530
7066744
672301
23138899
5618186
1722523
19090380
7731549
10553832
23813367
15204271
969032
6274286
16890471
287817
23071009
8483976
3596318
9029668
13673316
6525982
23716029
23893309
219712
22631866
2981368
9381535
204338
10889021
1993839
1771232
4226237
15085490
11019302
18388007
14201065
7748928
10413239
5300214
2024920
2326500
9481341
564506
11194092
10610723
14238182
5913249
14244981
17894791
12774368
9839791
21079676
828069
721662
9786337
17890598
23308036
7651108
20887853
19156305
23640948
11541003
3349612
10435825
10933156
9632508
10068515
13799719
5918224
855102
8875781
11647634
22170293
8161666
5804413
10492264
4425581
18882448
7702140
12849832
12411355
14846296
13077413
1036924
10827866
18530434
20637726
11770353
9359699
5631942
14910460
4492363
21987709
18719052
12575972
23763197
6156531
22905249
10968631
5890052
9664434
9160616
22259024
16823303
745877
6665725
22409687
18822614
18363134
10022786
21215857
23586904
8331018
22044385
6369868
8756617
20015393
13996933
14900856
9828682
13158370
15133305
11482730
15900994
7433128
4498094
19592652
23681844
10512692
14883789
9596207
16747098
9218110
43976
21447156
7426169
10197301
6109125
16398283
11408784
7816788
12363284
3874764
22993580
17706898
15100252
5230900
16797593
6304505
22398212
10544464
6070311
12266744
10082267
18019792
4601744
5058400
20906491
12893045
14928439
1543217
10008355
5589165
5053363
3530407
7305801
989079
2477106
17163367
17973504
1710896
20902627
23370513
23480043
21644731
18968808
4372715
21569883
23443583
21240949
21735291
8709331
9583333
19810429
15353628
21812747
4072306
23833821
4290269
23589265
21657888
16783419
15248361
11430535
8689671
1601475
21101122
13032220
13105060
1144279
14339707
21575866
