230648
88759
227351
241452
84421
210659
197239
250994
39284
229956
40710
248357
46608
247605
17677
197466
235274
48553
156364
86006
157489
151187
75939
251434
28018
25672
237078
85309
175118
152129
52715
176775
233641
20833
113153
27521
1325
223191
178710
54654
88400
137624
153266
143729
90411
256834
180018
28936
256758
137139
82032
238374
142279
22788
68574
188794
221024
17017
147171
173983
54425
242875
197901
245923
247003
221300
145543
211303
254713
206632
110443
14827
55319
240322
255847
238983
241853
142535
150399
227887
41740
261002
242336
72926
39870
153812
209548
79601
263739
1922
67703
163332
119493
19529
165635
138603
30079
256824
142129
39683
143872
131223
161044
216108
128568
13498
120011
40392
17263
245051
169505
252439
116734
69819
172488
38684
101908
66511
242898
21211
98470
102301
10450
256896
1526
9521
219076
232781
167954
192494
211013
254622
263252
173695
138318
147834
28525
254180
191739
129945
18896
226462
263593
45091
32062
42207
3328
153817
152528
42948
120238
263288
239827
49906
34418
159396
118228
26941
178576
83587
171783
51534
20445
39511
130684
199473
72151
60762
49358
77020
89430
200347
220095
124044
161486
143874
132337
169457
199670
124665
90338
242352
120373
72288
212693
115674
247891
245436
141129
73620
111676
233705
211813
258961
146694
75311
242328
261688
155343
66998
17849
204724
33258
205034
153114
11567
93970
43368
246254
50741
220520
164545
242626
32513
30427
99480
81093
112926
87838
87649
194436
40307
206654
192009
248172
116074
167713
138503
178160
141783
132693
55774
206543
190304
21226
69897
239335
101888
56047
169115
71212
244219
100373
247084
151559
21686
227950
159116
45071
263438
225194
144125
242451
243993
74475
74025
232862
246778
34441
146334
152948
131330
44390
148866
174430
219015
79114
197628
143718
154627
188203
24956
207973
87776
35815
26235
264296
230737
246921
197058
125382
154450
49433
60626
127173
72421
41726
133173
104766
26677
253969
191510
9388
97169
135325
11136
244866
264113
115485
148526
74557
219111
53979
228148
107797
161492
106648
213505
171979
234513
139467
102575
9055
75362
225992
229365
180490
77908
70979
255380
95446
138363
166604
180297
197107
180452
195023
54381
247536
190785
152542
170808
202101
165321
89337
49676
234303
185788
11216
72964
51114
79462
71008
48036
62497
125547
193536
145891
16381
203281
65387
89412
239907
34071
175849
57267
159362
7665
69482
146734
156689
209184
39946
16081
200851
24211
70141
100492
187733
95736
241599
125110
88642
165895
50643
152270
119475
92122
251094
141170
189733
252748
77915
41230
22368
227052
88879
199492
19502
197812
11490
139643
45010
152553
138880
81524
258016
186307
222076
199400
163414
106231
48833
27635
4584
201736
110093
210297
107709
250118
254394
236278
200478
181816
121431
473
141143
134958
211338
57221
186950
30907
198156
187801
201875
150275
39779
238898
79357
260631
198660
83453
103463
64343
243171
65287
242687
261729
136309
16928
157667
64672
151577
35523
121014
230633
91823
130786
130319
44651
178860
137086
5044
132609
55308
14102
178907
71498
244510
159239
202087
156506
37434
23761
80242
139063
40517
215213
146274
250171
31924
75634
141957
202392
53065
85465
21722
83626
127084
25819
37966
64248
176687
187301
161848
122363
173053
2424
80785
98207
101012
187912
161297
245147
241092
93527
234759
219707
236147
4625
51442
126332
123897
200581
195739
137442
218114
17306
257968
1267
67983
111592
114736
248753
209616
19097
242534
83374
73096
42421
117308
163407
103037
48309
40986
130284
6537
9533
107740
6721
109485
176236
234504
189758
141386
174256
9862
191938
52941
71725
88733
1808
104961
15455
131793
127879
111251
127862
161545
187919
147620
159447
234404
195804
126196
243439
130614
45854
118754
183932
146742
26391
150490
138312
69694
212787
21881
173708
57093
204707
234862
197129
26868
72360
166459
258336
102667
169014
36801
163013
30287
122720
144765
170620
263761
247314
93692
134317
20900
128348
261880
98380
4886
215525
235796
211439
87813
117163
228408
233346
134419
261010
195321
147581
136569
1401
197178
96472
28252
105918
225100
64697
249337
80055
4207
240132
64280
165647
166687
136899
123722
35181
100249
57529
179304
191460
15369
50791
236927
12669
243158
178671
24161
164859
192111
155182
37880
171298
57670
65540
191185
239199
110978
5825
156491
186861
133462
40561
244415
210639
41743
223668
90748
16662
158358
247558
201370
90662
46966
258074
241495
200926
17430
130401
245817
232936
40335
166094
121789
78411
127126
164255
82945
175408
12481
195534
148636
226754
172511
25732
232760
240454
249837
203089
250381
186338
142034
240567
203331
153801
119677
4353
16014
233290
59570
141419
253344
99990
185151
145027
119143
20002
15433
20722
211110
233486
121679
133664
3510
188386
97284
217577
45152
187285
155210
137144
261497
133352
216627
93514
190763
28742
99404
47957
63925
28162
163968
109658
97871
238333
25985
125255
130445
162233
211591
45027
117313
111528
35085
118542
257994
59130
191354
165646
63552
140126
112931
175930
58553
125012
128476
5974
42718
261416
75897
176814
124483
26071
2553
202882
256772
218898
142955
147644
66467
6217
178350
38552
129693
97783
13401
137301
171618
51542
217255
39186
195254
113950
250733
74281
68815
109963
155946
66055
247394
152306
99511
197590
188634
180954
101378
213392
76045
232661
186756
178543
186351
100558
172676
24668
192617
215429
202236
97822
259973
193491
96737
255803
4443
34124
65624
44591
236828
192094
110672
36536
192646
256494
199549
182484
230912
154347
254166
98251
105576
110884
80697
222087
36279
261593
228763
111317
147915
149766
55601
140461
242789
211983
239523
89038
241521
114120
154309
237564
83862
199706
67505
67509
12309
97448
147346
216591
67282
157309
72283
249724
44090
233843
234616
187898
39692
228924
95358
121527
48273
238835
117961
120318
217474
89868
121795
138126
238002
163195
176850
61315
72171
122650
121237
74108
124230
227295
101843
226345
223061
143639
190370
108562
251555
234465
220670
242769
183840
58191
207417
72408
43062
171659
44048
62043
47691
209786
22012
264254
187925
35448
64718
98166
178200
88200
87567
113995
58133
137701
218222
231456
204337
101796
93064
97737
71732
86314
210312
183918
76493
170861
30548
156856
105075
53028
92122
123775
260291
183885
126186
232165
213718
196534
37524
209273
250391
140244
199555
231786
189478
162491
103863
239136
109658
114239
175952
31582
262704
147174
143133
213156
6800
7938
185064
108805
59103
253964
155384
188196
186340
98707
246660
85436
157316
16554
250134
228537
54418
61110
10764
148590
240123
94999
229128
258369
183450
47978
21930
146436
27101
215349
191611
68734
13836
20077
98671
157723
169041
205609
196993
83856
91273
17516
190671
28103
431848
291205
335317
329016
273241
361093
285079
46270
304116
378730
103166
412071
145514
148147
362185
65226
86364
137223
435652
75910
24903
228515
146695
27344
183156
81142
76826
332019
303902
5155
194781
153123
254945
181227
149051
270357
86607
312069
166124
76580
52020
28070
129336
265253
318655
227994
254856
187048
63930
157199
367612
215068
404829
79988
173082
226766
228356
268015
7391
355265
196143
231949
356843
353267
93805
375952
330489
394037
74957
263072
108993
387209
137141
173442
231227
384645
418499
270835
342123
152915
177304
375746
76688
199912
200608
227818
431222
39417
312985
191296
134033
364048
63401
370609
387655
405787
9193
29552
158385
151593
170848
146995
37172
127234
227404
286836
201003
392370
328503
234263
243305
237917
378384
166511
325066
288230
175916
404517
14104
391379
242748
81345
371834
186556
279430
23563
17670
167699
271148
325290
130715
48928
5546
347853
27932
175224
24515
192832
208685
139421
278608
403316
252597
256667
383626
162693
238212
213439
143468
177474
257324
6414
87667
70656
57036
262868
287128
196257
194000
106205
427347
48768
308653
301783
215966
187855
310355
61662
221648
86842
256462
92729
408361
126050
134376
222722
415221
98149
12098
218729
357590
7886
428985
22768
115933
321784
287453
44654
95965
426844
317026
184531
399457
412921
161012
32085
80968
143348
23587
203322
189793
425982
418020
301728
33806
222727
334940
125814
82404
102753
213120
240419
88876
368377
28283
80116
139539
173722
369200
114279
160824
232239
136730
186961
289256
376616
338619
360799
129470
368091
257675
289896
260837
347240
417470
75777
190991
30858
58537
25255
421600
414503
61641
144514
25613
262932
353278
422702
59181
286886
188262
11745
149081
99441
174489
119745
4968
313108
266351
171788
12962
317452
30282
372822
117164
44515
414838
77146
12930
249937
129415
90040
210463
29126
339171
161245
28100
24905
261585
61912
14236
76642
76755
35728
158507
19303
47814
164505
76826
213491
308611
160596
331834
309159
411361
364636
391566
333071
423199
300204
132865
176161
428851
267088
12697
314140
333716
50485
402435
215771
209117
282127
414151
375536
26732
375857
123916
82474
371085
15244
308542
97557
110652
264609
421753
369618
103521
188353
223744
311823
282364
152272
196499
351513
62709
343832
2673
56244
153766
18878
279634
249124
82976
293294
44101
385329
335532
125211
336683
142349
235947
249044
405971
180077
104541
92057
65852
245731
257058
283680
100943
20090
335280
11241
100425
28155
32239
53392
60887
40682
432425
28004
387986
125505
205227
338670
120929
221046
418128
434704
214011
333326
218459
248794
98588
272908
336281
72024
53048
326112
434846
392577
416008
404451
324312
309490
344750
177039
72268
235022
193710
94335
287243
211059
192020
76966
244687
225377
125901
101900
425784
295068
96940
290544
26609
168197
425963
142776
342958
96231
369406
204579
35206
403457
16585
3787
395147
255638
249363
53761
378280
324423
48825
124517
213501
405161
222077
239735
82431
332458
191283
19786
27567
35317
128138
31303
225103
3664
215393
144111
177062
404268
201748
134823
415864
297262
195993
64444
420604
328623
102907
183828
108120
80339
143806
144873
166189
198407
321814
130517
278912
215692
223227
4998
293965
149373
171948
203282
348826
81981
336204
205966
340331
348731
216004
356623
35695
362288
416787
209285
179308
150358
256193
109725
29728
54451
332627
260791
143191
377837
217438
332512
349511
254253
18887
84118
386530
377584
330314
204543
157415
118440
347544
205735
117422
328331
274834
416126
398378
83645
176652
7927
230371
162707
265286
399128
18711
305211
375200
335391
51319
219950
367300
79166
263256
139744
158706
395558
11583
342229
403915
177972
129791
267283
386595
390081
309131
242468
202907
49177
312578
298539
250660
166894
295096
367245
121346
250306
420866
320464
162998
288111
363310
191294
244680
424847
257525
71278
374283
76961
139762
411125
381890
76580
135821
131352
150323
163414
342509
36651
337377
187182
55751
59888
324765
56214
59456
204035
85570
200902
156060
348342
144184
212483
172996
116617
103099
148011
390392
67284
344749
222418
69237
323951
185469
204331
335508
40380
370962
358852
416064
97067
171735
156413
367043
320018
261262
158731
11623
227505
50270
366755
376977
343871
224332
334632
220927
116359
155177
433189
410536
276747
338377
394763
396561
289292
10906
311010
191850
178556
400339
13379
337354
56663
402511
407219
199860
5979
162179
280705
65745
134240
268778
378600
142866
269276
27146
207206
326460
249498
146189
63152
33686
276753
383939
233006
84255
4736
290897
292061
332960
19703
322393
203006
232977
334624
151956
117682
380973
209640
430294
257332
288293
345983
387603
55688
242116
123403
130433
256097
257315
220977
31232
73314
297428
219853
289934
285006
45785
200153
311767
282620
159365
161128
210834
131608
400413
355820
169644
236318
276422
151595
325822
101385
110324
369330
385511
368442
100709
227140
339261
258092
189734
128121
85781
218918
213076
321026
285515
388905
30481
210397
366987
353335
151143
257639
417625
100946
172377
9472
421638
98762
77304
216346
234666
151124
320287
159540
418761
197704
136086
17110
13808
203804
261189
8678
269799
360275
355361
102388
52738
333574
93435
103034
398457
124835
320416
45054
260001
434477
290267
160817
292794
299636
54513
280916
48004
394344
64405
132035
276517
389871
312882
323625
162184
400606
72123
55252
211184
141740
149380
201082
429613
166955
49604
435281
34261
315522
388746
226560
354049
46115
317258
269490
284389
100673
226353
23619
375581
192718
403630
143773
146154
177502
141176
214498
73962
227930
276047
226196
301116
386671
192958
140235
165198
300256
89621
49455
31993
249075
23485
410593
116653
316800
92743
345603
348265
313795
185299
66562
265385
311792
289249
418914
416336
322544
174297
365401
328461
162050
181998
207531
282662
114221
367823
210924
375734
380681
362364
28960
424384
175322
391174
368031
265659
183575
344267
20654
304898
51690
143791
348664
263732
227243
50074
11865
173
115874
206311
153718
320520
312093
120865
334451
295755
141219
127156
351538
176029
409451
227450
93029
970
11437
85275
71718
330580
27383
23092
269675
140441
150860
379178
50952
37979
173778
360120
235250
389776
46772
325909
187379
330435
64735
54996
64840
223705
291168
110564
114891
366858
156170
33876
130802
202443
205237
124198
141642
85779
200626
368920
250279
395233
66375
361968
46807
384002
412604
72798
148063
113447
196060
224317
84744
372212
364937
29237
204624
113464
236799
16600
161058
314716
210946
159803
141156
190710
339028
153318
117589
187543
223464
54544
383448
177488
35907
296320
422822
249028
127218
299310
160481
169924
297514
401682
327174
376031
198471
371192
426715
158966
221168
137988
194990
148625
360181
68983
416356
412638
40551
171709
10613
310829
106983
97535
273436
39055
276122
9461
128393
263470
964939
369439
311076
453685
745891
32779
162838
112362
808144
322256
439941
439226
323155
948823
536994
990090
932991
714880
606370
716829
712631
142705
891356
668466
698854
668900
1049049
184130
629905
398853
204495
979673
298329
692393
864567
567801
469671
763508
346790
1061976
733538
804672
388859
704647
1051380
805896
803284
704202
720587
7762
46282
712209
667286
948804
909140
679952
221137
665729
332675
1009977
784717
950771
841907
691063
1053016
388113
964997
996467
886880
196215
435533
679163
981024
957275
265125
699203
1023589
639291
545411
977848
649412
1008566
777124
487156
120394
1009880
940755
903205
583792
475943
1068196
970583
374977
746155
799477
829657
330428
613155
322737
321412
403915
689666
260800
506914
693816
765333
778236
333279
134663
384443
43901
693870
292787
863098
718178
749264
517251
777604
272267
1003860
887607
277952
1054966
368914
310897
434610
278297
871328
746346
877217
159400
897458
305877
74936
509436
164459
397846
612743
744251
192298
45854
791163
685013
585844
946773
445740
330007
403058
568116
595244
486414
24451
583332
957306
239084
1002964
706137
1060682
1006475
62973
350052
299887
162751
697160
110563
428651
53556
862454
471514
584704
519221
376753
931652
927348
633818
370857
570859
284162
1064297
84710
275174
82677
347680
656227
5356
911009
687848
60775
584446
37108
289285
822367
459925
213986
398691
248938
193274
693205
967356
1050757
140220
117522
38400
758408
857029
151952
894090
317298
391689
428094
520589
84478
1008649
945425
437956
498573
437428
787460
485001
479892
961617
799184
987379
450188
267998
789681
484939
432074
1033059
710057
923538
50639
135566
457028
1004199
273437
949980
1061989
809335
866284
249707
486153
840964
539075
915960
585502
459212
750321
94472
596562
455109
614345
253461
892305
1047759
760362
655018
342953
784976
919862
132610
19914
452346
877208
597817
1026706
654610
7872
867241
281707
660214
143539
599426
361071
749737
325802
787745
94401
806560
97750
756220
7161
315364
629741
1057411
338070
1025343
892106
658709
559027
844950
911026
921153
113251
287878
681948
1026065
765769
846342
73891
308407
410251
274786
508375
866374
962174
263071
275091
119093
461795
289951
832285
904676
207302
234029
443644
835354
496419
467092
663868
383037
1046238
739707
450565
329904
956379
366943
246712
627183
572494
877408
784865
180873
372759
596918
1053255
212526
555688
661286
431266
538846
231278
416774
797641
313221
525402
697113
762641
141407
907167
792260
338513
230003
577251
211295
502712
1016395
276162
593196
787967
754778
1026672
173493
950109
165177
434443
297178
582455
287390
348095
788456
939434
205029
478485
600240
324875
129678
356766
71932
1069665
714008
885155
136312
158600
938158
612995
1048110
10946
8490
362204
66723
274588
349467
190182
249070
349118
4419
594496
1012724
255042
641007
156977
731307
182720
347962
1039135
922613
301695
565310
4320
823548
397690
968928
968699
56123
102623
402618
1006480
118131
493954
354357
261994
706061
859891
436783
705983
908258
708531
406699
789910
141435
89577
842741
1059195
905489
808181
636095
86673
254098
163383
431008
262053
283879
147524
197671
844009
759592
264377
649875
874046
117186
365068
302259
1025062
18538
628455
59260
99652
171933
724327
114234
89928
51779
787000
1059093
567859
893129
859186
4901
371978
3766
163593
962766
96775
962013
124536
1009670
260914
259377
73944
1019800
353999
194963
658174
337897
223303
341426
404691
792341
1059124
1013176
689849
18357
324760
309517
216437
421723
792103
403853
816550
30286
774023
498573
1057121
300412
904516
540370
267506
855969
527069
372186
805644
1004551
340220
597881
460996
507464
690488
272981
917184
33943
197821
656531
514256
748202
988827
95673
534530
942075
819469
342362
788356
374732
166704
466918
602322
146054
765783
646687
935317
941598
516725
198097
448335
236847
229985
98126
810251
47041
501788
371685
705430
976078
1010932
1062093
1019102
659266
281426
446332
617768
617799
952996
486326
570000
1051043
428543
796132
251307
606635
635440
758345
912884
1049618
585815
234912
799361
362176
949853
756069
453693
141498
160913
327050
1020681
1055676
152270
860519
472096
570304
955944
572334
1039144
748127
854836
1058707
551773
810999
448676
815514
1001359
675334
164691
839015
995847
5539
834768
947562
584208
32998
749742
297431
602751
634433
866711
70640
870994
571555
902059
744297
369746
19787
708927
628283
522286
282036
373219
884383
308129
647629
518620
592767
84475
736139
124749
885890
541114
319242
802650
93032
229039
907805
335752
198461
99877
129563
945576
318951
506885
327427
85383
55754
739226
496770
1013130
107276
346088
464660
357126
706938
890429
456716
488456
106521
450989
247208
1028481
853478
368567
859439
250892
173723
602029
969428
373329
797374
62724
340228
649989
927738
571306
257584
98141
917351
462759
468638
293362
1001239
661961
474779
126515
919281
76100
431028
635882
447301
392960
356832
887771
648419
600829
993806
70259
409816
445194
387742
467589
451556
116388
650996
100598
270299
114022
365877
521546
211572
442193
327408
750281
625888
1003035
387416
940886
325155
341789
120386
385288
317162
708425
121335
769159
663187
919503
34645
348051
415115
294397
823160
261735
912790
435306
736520
44094
1010512
47562
293330
845971
648306
567345
985114
1034094
577324
822992
113630
98655
617876
370437
1045163
718919
548266
118594
203434
418347
279896
915909
521321
524488
518958
358377
1052441
1040225
372209
1026162
136034
713511
61418
907114
416904
497809
931385
582043
604185
101208
764853
375964
1058818
418683
376708
707648
1049174
578260
564106
756661
51299
1059026
218045
1055623
1058442
874998
688242
881053
217007
1037336
294438
487675
97217
765045
862149
262565
326032
516364
203125
295932
1039660
634718
281140
1024818
816956
782471
738212
765846
646921
426376
293061
281766
11980
92795
990351
406297
179889
998377
558235
340393
255438
797425
703851
449311
334627
409699
945844
937391
870812
863539
800130
61262
621692
61281
323299
865959
144770
953604
467121
819626
898835
810653
231630
42968
18695
513462
796576
109684
1015580
599644
263247
537849
678845
328463
444224
258554
688254
428203
367108
642560
1068287
585844
350979
523595
557102
255295
138700
300192
595437
274351
396977
693561
222345
625348
974152
356473
734771
77390
1019063
763150
35065
707355
122430
372526
1017419
829354
560999
810467
955520
1063406
1014564
142199
673038
384942
962774
818122
786770
862213
534473
1008285
192457
516144
601018
157033
2892
726674
951159
626040
160286
866154
779306
1050525
140827
786118
387942
847425
872506
715072
240037
579919
93993
950994
486307
219206
898856
389886
771085
484703
593614
207445
305688
943172
1038671
201575
531798
902854
89535
600568
671346
603652
215974
798221
1054182
519204
864586
179208
92359
968701
21090
720580
1023594
869288
717747
1070188
600470
509152
526626
875328
140153
17476
432022
795246
1009674
275645
174687
964868
930499
622250
853868
587196
155150
272231
262969
882817
91948
789078
787587
738961
898127
68489
940455
272543
417370
1069057
446480
727025
611849
1736581
1558525
695775
969812
318786
448117
174914
1066326
1260016
684201
1621243
642334
700705
1094878
1671830
33107
409218
863242
1558696
124102
805063
1040139
572537
1474279
365800
1394471
485285
479133
1401240
1249416
742795
809037
56910
848384
688087
1158035
618275
1546697
1487394
206120
953588
1022993
337959
1216241
1667514
1030640
448743
745077
694711
1194829
230895
58703
1251601
1113552
400507
366321
1511640
1384346
74194
1697984
358184
1334772
1751056
386150
1338257
1493511
1116598
1009700
340368
399134
143486
686349
1228339
205288
1371845
1635619
406028
1610525
824371
1785605
278218
432343
123270
945770
748049
278084
701736
1620231
1626505
1823986
911546
20318
313312
175221
1736705
1409497
531883
592493
1875261
1600984
1474544
215408
1434878
1289110
843913
1351673
456017
1664411
1594213
16198
983214
637780
450290
1243819
1842106
240802
1424434
1267062
1365419
1212636
961208
665353
636863
777932
869960
371741
1293395
551025
1795556
1251991
1340210
355436
1022573
915897
879234
1297886
1393404
1849045
993566
961906
121670
899454
1416738
1267936
1836701
1659703
713283
1233495
338201
824410
1460679
1167062
786097
176291
452833
343752
1063222
98754
1767255
502002
1069371
181992
1359600
701264
747634
1024421
348532
836528
499530
97048
742394
118244
757576
986139
657257
938535
350410
1174229
1127392
108373
101730
1748285
507031
658461
298195
1032494
269879
955391
441305
1661472
130234
7945
421097
1264223
1649044
606269
1096767
1274606
1639931
1201738
1279954
1570093
85533
686473
1649768
216778
239893
852024
480466
1283049
189406
580847
944435
999158
489082
1705247
1135690
19431
1092763
339439
236605
1223096
1745324
211057
1374123
1055862
83987
958888
1601347
795543
1341696
560028
1550261
881364
1767557
195302
850589
1554229
676274
1522265
1850770
1723111
915399
145933
1822800
1307739
625020
1416015
1038604
1518867
700937
102262
1723946
1330194
122340
668987
240334
1090621
366037
373043
769408
1127466
249111
752464
1541422
794439
1168255
976640
1144570
102168
451232
904966
828200
920870
1823519
565829
157449
1652301
937338
285653
1858851
13059
568172
729055
479287
644599
675948
1177848
1654338
1289762
93193
1362723
249449
1139394
711729
848303
1096518
407433
924631
1042378
559089
1890199
1345728
1812754
1867327
1769862
1658670
1284731
30925
277662
549736
13796
1060896
975890
149095
572200
1814431
1498982
340194
1452164
1224000
1350796
237927
82729
1760215
1493699
77733
1138959
1002294
306911
833680
1415335
524265
1100209
1035801
254734
1548530
1843034
459428
1128878
877532
1230157
830635
1167464
1184528
167073
944864
1849073
715097
924965
793594
711262
1376607
1311335
1180621
1238433
1763353
1604796
1538268
1609671
1429390
32943
1468339
543946
1531860
1117088
1722181
1368140
1083208
1635386
1338059
1022545
152156
505147
691541
1595975
592125
1195748
211497
18031
391361
769374
1554847
1430700
1517552
193825
749652
766770
544274
1665802
569489
539500
182634
404833
175506
1211058
149362
1753978
818508
1525019
1060512
483610
1526592
1785542
1595866
7243
1522868
27533
873369
691011
1819615
1171503
583063
855941
437715
920386
1282559
491145
1245754
1580579
537778
1707538
1208134
1875334
1241007
313133
1168976
1730162
1110680
336364
741194
229376
769932
1533466
179963
1557868
1884621
1369765
1701040
1874822
621191
812417
855346
724960
902813
214984
909452
1776946
238452
395632
1716397
209726
28655
1503521
1042961
1372305
858238
1119266
19240
862365
1496929
675245
595280
786328
1054543
325716
318215
1181705
224120
667943
873317
596180
925532
1110086
260236
940394
1641178
864108
1250585
1661567
15151
368007
631912
1162429
935501
1196682
88990
723128
1617495
1515055
506228
335458
289458
1084427
32757
1027925
1433840
1345658
1537022
1513161
556829
981904
1203269
1216102
721001
1399057
1404976
557390
599027
417232
1088373
1644076
23844
1288528
1716192
733952
803473
101595
121451
1045876
749417
1143251
1362202
1031583
525212
1184391
76727
1318554
627949
252815
700711
1799918
1294001
1620111
401965
1331474
402859
488531
875929
909045
1560306
1606105
696034
328983
823680
850880
159943
1619953
1735065
1460773
1197991
471168
76721
1030858
1071190
1427361
1698285
486900
1250064
1827489
1879874
298699
138914
194323
450656
1193764
1630098
1840876
1698200
324416
103577
210634
77183
414552
586987
583746
1620972
1689432
1874667
816620
1203797
674533
1340263
1723469
679083
1099793
500225
1175899
1081530
978224
533055
1318132
1517985
1096668
665450
527723
1106427
1403706
900420
294900
1393431
953540
1296497
1062441
420453
1229299
303198
290291
1329127
505775
810
564388
1309324
254489
1795831
489809
535460
1783480
273350
1874931
1587149
720882
943602
412093
507317
967869
542744
688933
200913
762374
84189
1886569
1286909
1525175
1325718
1809825
1796277
1503777
1651065
1713170
1425116
1740079
1396051
520491
1481620
776464
1608618
1259027
1142830
1638542
994056
1599786
788821
339959
1719996
1781022
26109
1813535
759861
201879
799647
990044
1750562
595732
1733835
171688
974580
327972
1575600
903849
1794631
1250456
1015720
1834277
1172149
1199816
1605877
1562816
1139493
1541771
1093385
410968
185496
531929
962633
1757255
821212
1278566
1363642
313076
1849563
1208150
403315
1621627
1147884
1116700
1095227
1009797
1822369
1633198
1568881
1760637
1690104
927589
961795
399284
1827127
1076545
1078962
956006
189125
1650870
783128
1638646
902955
1608870
63421
153870
1218459
99210
1395693
1692174
697306
745203
276639
1185870
956669
823686
307155
1045856
1508307
864701
1316174
508008
691407
1415449
1587906
1084053
686089
762043
713219
19870
1485216
110247
488643
185235
993584
269241
659885
1544953
1866661
621148
877772
549526
235019
635775
442237
1209503
572771
902578
140799
1649741
729128
144704
1769802
1331683
868430
492154
1767217
10627
1426819
133228
857809
979264
1736050
1083371
152411
1602611
1834849
861929
137535
642238
847006
1825738
767450
390591
147713
763888
1866551
545287
807750
771391
1544525
915269
1304071
1793773
671373
1521142
1679589
1797550
475184
1341870
821146
219797
1031666
173616
1467312
1873146
19571
1200958
1266175
1838818
1649113
638683
1516587
103296
1324936
279615
251487
607912
338065
305323
1726535
109153
1185254
734694
523213
1089541
261028
310775
1347211
1434333
932807
110169
1286929
1541017
90986
613126
725372
746381
623769
1544810
755151
502063
1545329
1867364
1709102
856627
307585
526765
758447
402264
614685
1258332
811239
433437
668543
1655560
1313161
1031251
153215
1042970
83629
1204788
1457771
577107
1464282
1657028
1068330
601778
212013
15140
1604841
895628
1011077
586240
117433
1617987
229370
1074470
328461
1086113
1704517
572273
950441
1352979
800644
1116580
221574
615427
1121841
1470514
13632
513906
1203216
1003713
422707
507175
607100
192011
1327068
1793565
1504487
1715952
214292
141468
233609
240353
1401045
972436
934013
1800885
1248731
666699
88070
596126
995078
725606
591775
1408381
991308
1697961
1753208
63535
801760
1532647
194876
275248
451340
482192
874227
545926
168572
143002
413653
639984
1692610
1703447
976822
483388
1876523
697110
159315
697760
987875
1632257
849648
1396354
632470
1334328
1199925
1524653
1495012
1630292
1695645
950979
830278
935507
1211824
673817
1404597
1244557
1667013
937411
880830
528361
1428806
265229
90862
1614022
1674148
168422
431460
676774
1328574
543547
357229
279355
1611769
1506479
671259
1273916
788417
1242253
1099613
774971
231024
87935
1120892
897147
706679
1883199
411552
1197335
1044266
1216483
1439217
33961
1694491
1216098
1254481
1692367
3199444
1591158
2095831
1006402
1341421
2665768
172782
754210
3393656
3216012
950633
3353251
882145
2668302
2365410
3127791
1817116
1111462
1609416
77483
1187707
1548920
1843752
1273753
2812895
728289
3414317
2348230
818208
2834466
369899
2445510
1673903
1585566
266157
825477
2596244
1004297
163131
670103
464853
436592
2775592
978387
1498392
1368739
767808
2245250
2856826
316351
2789526
2766791
2600451
1712747
3344798
3035269
1971185
491576
848004
2931898
3472760
2404631
1867
2167882
3072018
3277337
1816004
2240012
3512253
877076
926930
765117
1081244
1341930
1810883
2465587
461445
516908
3217138
617666
3358967
3143398
931828
584125
3033206
2293830
2669206
555289
2505584
271018
1656650
3297148
409579
2581408
1090168
908570
791115
3321144
3132415
3462685
2662130
1118455
3406783
74484
2655189
327249
377769
2831312
2029775
2604008
3203115
2160398
2155867
308495
3083849
3340884
520393
2070014
724404
3536580
3384284
1388470
1185265
1845061
625200
926303
3447251
2413866
2265281
1884097
1084862
2087808
3381359
2828091
3597980
1182394
326915
842732
487684
2917163
1728183
1342577
627205
876966
175842
2832937
1683083
161619
71264
1972959
3051418
1644207
3021879
2186174
2470393
1023825
3538124
3071048
714165
1649136
1300399
340654
395516
850678
787643
3220251
570311
1808716
1048435
798791
90925
1414442
2378961
1491416
2130543
3067360
1319663
111461
1205948
1266185
1975719
423973
3047932
729541
818900
417950
1540891
940252
14920
1604299
2867881
167725
1776710
494043
2135608
3166193
3542326
354396
3118516
785040
3506553
1248618
1225325
2664334
2810483
681369
3531612
858606
2022564
1988018
408538
1072255
2441414
1533820
3404871
3194383
1711793
2057283
1223193
1473024
3581570
704737
1193432
2519918
211653
176923
2464901
2760999
865772
564660
2099282
2174765
1899083
445230
3544985
1747272
2262592
739528
1311013
3073397
1464420
332800
2689442
2532675
1979938
3311462
553416
1587332
710973
166095
1246478
2375211
1661037
3366471
71223
2684659
682886
2760626
3406919
2413147
2087673
458775
1309250
2389249
2268613
867502
1764372
721198
948772
1883062
2414518
745583
1282218
1061053
3390830
1962974
2895846
1816630
2657800
816640
458262
2138542
3116798
1133647
1538730
571170
387185
747689
2118622
949860
2578603
1086369
3524527
672244
805917
1207154
1362970
2571039
3501097
432319
3122773
3584395
3214525
3369304
3436487
1835296
2717601
2482238
3120326
2522869
2833309
676025
772757
3267368
3353128
1200661
1998837
978556
2814178
1539207
554004
3258453
3591829
3210771
2592210
1631095
456361
614496
2849845
988576
2172872
72948
671331
377768
884967
3433212
1692856
2900519
2530771
2095255
1943345
1541198
3329131
1818768
3333219
3374646
1397960
3374837
2689041
2850461
2965241
3202922
3073752
935480
2313146
825919
454122
1247517
2712755
954926
2275008
1650480
1474203
333579
3369244
1434289
3164750
1090997
3543407
1941440
2352872
211458
3324420
1181568
1820921
2181564
163104
3254500
3448683
3096212
469157
2356543
2864750
865108
2769677
2363124
2869568
2520864
2223500
3223860
430246
2731671
2934507
420601
3271289
595191
1744351
1965674
96312
2009955
2932991
2579859
1538981
2094961
2500192
1503941
822660
819449
1214481
2027337
2052523
2817537
1975640
2997296
2205314
3127884
3077368
1039278
906880
2075868
3044380
2738888
2406742
2215528
2094047
1804031
562431
2534764
1291759
2799966
3342066
2332415
2628291
1134197
1097252
639281
486912
1705711
633543
211915
2755425
1465480
2123117
3151588
3229342
3313327
2872103
3089256
10133
28263
1130557
2544678
447091
1806784
2762949
2892451
2224588
3427551
2055214
565335
3523392
1954379
517102
2888586
259786
2528903
3584395
303473
3021008
597724
1424616
3189312
1545145
2588229
3294417
2581952
1623547
3311718
572664
857827
1919909
3117077
2157349
528487
1932184
1955012
1017765
2491607
1859602
3458929
1036154
2070243
1569910
2990293
1680680
1164967
931888
2801930
505348
1964632
1752290
1279935
56666
2628625
1654132
1661608
416792
3539931
2810849
2319219
1371042
1789156
568985
2687828
2512825
1701809
2269142
3436547
450324
2432020
3145423
2984687
2416799
2844578
448917
711876
2345021
1418550
1683439
2178284
2455876
1264133
1453158
1642147
1758549
2197883
1864833
3057508
1805602
3206319
2952863
1370140
1010547
2803212
592106
587288
3452909
1470037
1143422
1400871
883390
3291547
2478361
1621176
539498
2939860
3337010
1593001
795728
738582
3074746
1731476
1367235
2426420
905018
2708290
2017365
22235
3341590
2476727
1062227
176204
719285
3338115
3461078
1092790
3592511
457554
1511382
1167441
2196869
2394752
868266
3301281
1356059
1787981
2187292
1408843
1029051
2611533
3414976
2018651
2014192
2065648
3550123
3237636
1700141
59640
852130
475300
2835966
1922135
1523127
2521156
1774974
1633629
723993
3190135
3424146
3559421
3080193
2819675
2527859
1045778
3535897
2883838
1080019
3282102
1833989
3345269
1928646
2495951
1433932
2686485
1040284
2825044
3141377
2597848
2221072
2746263
2460364
3121529
534489
1629134
3199588
3273102
2756055
1477910
1553554
40763
1402999
411353
1313281
1206311
1244148
284019
3279713
1836217
3506217
2584058
2136791
1932453
1724628
75530
2166080
3167681
277761
2704776
1179557
3315338
666416
719538
701942
1457369
612426
1012379
3595625
1339100
946517
2295473
2425207
378713
929169
2483953
691614
2722375
3095685
3494103
3293329
1702825
2689937
352010
1145640
1704230
401401
2500414
455555
2825237
3258278
789111
1206896
2603583
3354776
1797247
253289
652275
1700879
2925827
3589678
1340054
3221081
514726
416634
2357020
3240474
1321841
354654
3341273
2825864
1350233
3229912
613701
302453
580065
2760905
2474532
3056249
651319
920541
844832
3450131
3199707
3387758
2105537
2672197
285473
2753939
931314
3522928
1539844
1621443
3258517
700671
1847612
615214
1267832
2154777
1567168
2001216
1854572
825513
673936
1229163
1227164
1306573
1134339
478422
1302745
1999731
990250
3138461
377327
422658
39905
208521
794324
2224466
2803429
2157736
1902757
494640
89363
2021274
3046439
943843
1227270
2696148
3072581
1739036
134000
492567
1171535
586527
3466322
2596879
3504234
2997496
1360241
2281366
32472
2140407
1898835
160000
3440965
3569505
1142254
904667
3180482
880075
2425402
3008581
1159793
515930
1123262
623752
613827
2415477
3086319
2075398
1770173
2905004
3404013
3416161
786470
625374
2364510
2838545
3337069
3339997
743092
2017443
1319230
1165241
3409774
1031247
772523
1789412
3231527
1753728
494506
32623
604377
2784696
1711246
1204532
186858
212635
1351932
502957
104119
934351
61776
3243121
2520657
1008337
1967272
3169840
2102071
210134
3071927
3563317
2826585
2954816
3343772
2637261
3181921
2514477
3591035
1128321
1747146
2823893
473279
877388
2940966
979988
692132
2968716
2016295
2288554
374003
694939
2194464
496659
2664053
185549
1057298
2716937
3594495
2295871
1977508
2646770
1516202
779677
1637433
3483884
1691084
2863021
1085278
1558029
3174603
2751850
2048681
353799
2760150
2277052
516850
1998619
1532006
156869
437849
3370819
2410897
605802
586218
1836826
2097353
3478327
1050161
781907
1073117
2245007
2574102
1812962
1613244
972585
1096187
1475686
675659
700297
3329546
3212643
1717120
3269970
1515793
274630
1702158
2368820
1354584
1185123
1637216
2314581
198149
2641866
1357360
325630
470607
212220
1221940
3144952
1231105
2622304
1424823
906561
165604
3042896
2439335
1831884
1034725
1701236
2407234
776029
156459
3255512
1766099
1411793
1707027
521788
912201
2312635
1709976
1070569
1705705
483833
1073241
2428176
2401879
55353
2382397
1232398
704028
1737022
2163891
2838566
1877103
2343841
1499429
1433428
2718240
1431168
1397990
74710
1654870
55245
736590
1882802
2121777
2041616
469954
1953080
129797
3229797
514085
319964
2981863
720844
2906137
2771043
1819902
2295313
1409591
2187053
600693
3302639
2805889
713365
2355395
50516
1409141
1546846
5082523
4677367
2827140
6103765
4137667
389755
1213270
6167946
938104
1840736
4877829
3113282
1967275
5307439
4755954
3250554
4981551
3737824
3282586
181917
4603199
5446057
1031564
3480570
3202510
2771372
4051497
5426546
3993097
5402397
5064063
637265
4474689
6166145
2946543
3489369
1493679
1678052
2599166
5748984
5053874
1775832
2298827
3017959
5412156
2934792
5385148
2571570
2521091
84874
3397618
911193
821510
2408508
2739836
3378272
4571665
5210921
6094379
1474257
4961077
4032491
2555051
2673823
4071640
5117721
488861
672395
3192104
5149071
5394317
2037491
1575264
4730291
3371109
1643939
5187541
1146171
592331
712552
734612
445070
171028
3369892
5034418
3450992
5358147
2026429
630712
2914895
1273108
1063871
4391185
1679035
6030037
4221433
2795804
2144043
6201993
485884
1926715
3296858
3999304
2530114
391848
3623805
4159764
2281527
635615
1846307
926093
1742142
5308187
1262674
3974066
4378304
677403
1497484
1310291
3880668
3628527
3785120
85966
4233058
4183129
1961178
458945
3823088
2163450
5171129
1408264
350138
5536437
918296
31140
2704787
197254
5603879
450371
1422826
4228142
4316667
825221
4610140
1119333
3282108
1380439
5031290
5897892
2075444
4486446
3744619
5844084
5384946
817148
5083876
3929673
4306322
5434115
2317509
747468
3654991
3805807
3618728
2111659
3526547
5466372
5855750
4931506
5498728
5942285
5367889
1614860
2938692
222386
1496241
5847787
3515786
1731329
989006
1558550
5015037
98560
6229195
4161220
5352665
3524216
2025199
1608454
81868
4794037
3218719
1303285
1927130
2180859
1033522
2005634
4920253
4813164
1290181
4509084
709602
4839192
1484216
1854613
2852432
3562218
5602314
1117497
2056038
4601501
1193686
2876017
2867249
5575228
4557381
4956196
167348
2157705
4554876
3635673
5234912
1790299
375236
6260486
362073
5520835
4944914
2243643
4397873
6125514
370943
2534078
2508812
2607879
3278045
2782836
1753285
981895
1636852
4559795
5998185
4390732
527219
386976
2765086
2610212
5488017
4092344
4410018
3372357
837593
4512861
4884249
4719399
630954
3093970
1409561
5466056
2012894
1853842
259338
2487954
3764264
1638001
1592362
4174186
5321472
5438857
2493643
5456686
1905211
4327682
3929175
6087601
3958610
5712017
299313
4121224
3092110
549700
4925505
1270348
1722773
2920459
5179302
2332983
4403594
4555205
4348219
2586678
215962
418593
4810507
5414902
4454964
480905
5262433
2095206
2616379
6193591
868603
3192034
3081055
1916806
21758
4047943
1532043
1589045
3162275
2138983
1280389
5727572
4789166
1839869
314236
3931090
4453851
1028980
2764180
3276021
2441238
3859707
5946421
4471752
346515
5037775
3804568
2743671
219838
4729144
928841
2552961
3677175
1229438
1519695
3383214
5567320
2508158
585490
2254150
1484462
3394958
5951089
2194605
4878090
1278945
3059777
5345543
1987791
1072124
5236361
2042363
5854179
4367159
5686352
1527595
1807050
771684
5635127
2240906
3627936
4213965
1507677
1736505
4446331
1158874
1419887
2118086
1489655
1607552
1000370
2240637
2631645
5139504
134531
411702
5056182
5442148
2497017
4215248
4143203
4101832
2731280
1148998
598979
5552862
47618
5242818
5379764
5519979
6074572
3850707
4713270
6006454
4365326
2465475
3489640
2383460
681042
5015799
444929
3715419
411896
3589834
972271
5461877
2935311
6071414
655176
3588732
3931282
1840872
97307
1953683
2330735
2894418
5431960
3686235
3461890
5791437
4697722
5218901
2615635
3593455
4999895
2447234
1130211
4663939
3504406
2841915
1062897
2766725
658011
232529
2040869
2709983
5171097
2265442
850911
5213464
1352925
3093823
678668
4128679
2269201
3756112
1018769
3982875
1287638
370626
4395292
4223019
4747390
5246938
659199
178972
170836
5331309
5186479
5032578
4742424
4943699
3623368
2011917
1453819
2395433
5463154
3309317
1000730
4538710
648369
4926126
2146399
2504757
1349136
2682374
4637866
6008673
4864488
1484080
4141031
61235
4653886
1864465
5664703
1888490
4858755
2124245
4965868
2231848
5904233
300381
852136
853069
2223461
346771
372583
3862493
3778558
4837006
23951
4486197
1851953
6043780
4977340
1444666
1919714
3473409
2210021
3062418
1237572
4953895
3817196
792545
2855188
5350856
248864
1499741
4341312
3492583
4130989
2249963
1256240
2978474
4623795
2473689
3606002
1627443
4555813
3330794
2205460
4028036
568440
5391190
1383138
2540246
1714839
6138775
4669501
593262
3888005
3048481
5068479
3229047
1251833
4929110
3553331
67537
2796764
3605469
2236318
4685998
5091844
1496181
2409782
268330
5992442
1267588
2148656
2316927
5212396
1013702
4515024
1199339
1113911
5647612
5524467
2293355
3208120
2009369
452924
5653586
168455
5818128
5573729
291544
3692933
1601589
3640557
3413562
2597705
2678642
1444521
788220
2917454
4426463
5911336
4389688
4895040
2970846
392608
3304631
5821708
187315
2281093
2110551
973892
894786
3499087
1226974
4898619
3942839
3627303
5201587
172056
1040850
164688
5486254
3407622
3342479
3848391
4723433
4398143
1396616
1457146
2207587
2432947
5895585
2376770
2894435
1319343
3531515
2018662
1626348
2585155
5688943
4577777
5411749
3924412
4766967
3587875
49163
1018797
810938
5353762
100314
1378554
2313056
543415
3397445
3482176
3718037
712453
5347715
4249992
4592367
4983053
2170531
4742199
3135314
842762
4662882
1023378
192476
5489288
5113388
570126
5343258
10949
493388
2019344
410649
3883205
898064
136593
353078
1424927
3618695
303740
4433123
1557013
2658308
845697
4245766
324252
5953636
3980829
3919938
3101386
4383256
3007301
4635359
4744263
1036454
6221146
4996951
3327929
4061219
3550643
5448297
939956
374412
5242010
678637
2850248
5737296
4790195
4445699
258421
2058254
5525675
2151544
2604282
921046
2831589
4185740
5665092
3266276
2592398
1300235
3580750
5874141
5304002
5381196
4113833
353832
2388473
542848
3292083
5303600
1989158
4469163
1943309
611090
6254296
4552298
3104777
6099807
3214039
2283043
970191
5279221
5560275
2507339
1441885
3705896
5194095
5241214
4222338
5829032
1919550
1943392
2857506
1744946
1573939
1293234
820785
58714
288342
3545260
4532912
5579294
3320031
4340204
4984653
5912819
2600303
240370
4629274
5685274
169227
2903264
1862805
1526993
5528032
4717422
6061305
1419665
3166961
5235545
4658970
3367658
1054311
610898
167290
6042720
1586521
1744553
6063883
174417
2499720
3702597
3082372
410122
5874099
2294764
4269824
5268134
3844396
5581666
487045
5184251
2620106
5940917
4356271
2325642
4745070
4146882
5724445
1970591
3940568
3763326
4501723
2264393
3222333
669645
1102157
6200968
676516
718093
5733012
200620
3227894
5781316
3060426
3018644
6173183
3941252
4125270
1070761
1527496
5630925
1332198
1343884
5187467
1197423
5105713
3030273
319489
6015811
4875337
4954854
4128265
3773163
2995567
3912979
740251
1726660
3007511
4917212
5550547
1165194
2086622
1039604
900873
359971
4401711
4718546
2522772
5095353
1229450
4197323
601973
4878198
3568472
116303
3803862
1406992
50908
2870540
4493980
883911
2701257
5319485
2824031
4898288
1472906
597126
3331435
6102388
3164552
3912743
2074132
752715
2340275
3494846
1009687
3623764
4973184
3508917
1407823
6006617
5814657
5373633
6234988
4357840
6006553
4679795
1902158
4779671
3629710
5650633
965115
2924286
267382
2047355
3570274
5391983
2969555
580760
3873350
653820
1521023
10326
4922046
2657582
958330
1084970
5476429
2853713
5016405
1992961
848856
21346
6044377
1334796
114650
1847367
1060128
50822
803610
2427746
4754517
4939459
2095918
4286598
588057
4010842
1976344
5673349
5052319
406209
3152682
1376587
4529294
4768928
4553838
2086813
5283335
1589038
2713261
2803416
467036
5156255
5002367
5456070
6149590
3951519
1853752
1826922
1329460
27790
1686341
3085470
3296796
2660770
4706064
3885319
172261
2190426
1920916
3959178
1402592
5684619
1550644
4213334
2001208
2501298
1347696
4813145
3999172
5228494
831918
1772154
6049205
752751
6183020
4352467
934466
4997876
5442444
5365214
2182199
4869097
1347097
2330308
5467998
1945323
4566433
1460015
2254001
6061551
1916663
3916450
2082817
5336240
593297
2444705
2021926
10737179
1783855
2188020
6768877
12717507
4138411
10141502
5465482
7928664
568176
8974877
2030754
8356067
4003207
13589170
2041338
13434703
4909688
8905570
5804901
13499759
10562289
2140084
10882866
1739918
2005564
2905625
753722
8760937
312157
10782063
4417593
13212889
11662441
13944815
1482673
13315423
8826972
13977502
4381408
2983834
5302784
3375675
10103535
10813436
13357288
12755772
3553402
13006931
12862458
4506138
5103257
12294862
12134220
12497220
6778536
1773169
7275281
4056011
3190225
13699277
8287899
6145347
3117231
5914296
3845161
9195389
64947
8783416
12551367
7585365
8584643
10281792
7459763
12109309
8064403
13102269
2957155
16555
3188648
924644
2256054
1886996
3433236
424938
10821616
7137459
10321221
54936
3580007
253924
2748167
6867281
4440179
11779709
12801273
567404
1694955
10330713
6077196
14065179
11718338
8128024
10444842
11643496
13286173
4539828
4124183
7657847
4195715
2097957
3964862
3877267
5106346
10774594
3834200
6939507
3783548
9415051
9155260
7123807
11826536
3264526
1941314
3385649
2182882
9038785
1087936
11794146
5994601
3282592
5149650
11286109
4160200
2032156
6548459
545646
13771983
13196283
7684930
7755094
7970307
1933741
8580500
8204909
1085380
10308671
580170
8120612
37076
3974014
12261115
10865300
1282218
6535148
5432268
4753145
2907074
1331387
6319541
11967444
6928567
13626535
1612032
12249107
10770483
1173612
6647550
6805834
889248
9849301
13535993
12676476
7194100
6801210
2414729
13857531
5833522
9804417
14019966
2033630
10099597
5563184
8198539
10581684
11614769
1327488
6856383
13430198
6882396
13468893
3788815
4545189
5517426
2972659
1191882
2068978
1165917
6909196
12953565
11404628
2710618
7473648
12640848
2488053
12958208
7690938
1024506
12274129
5456302
4949893
13205462
3857849
7603417
9640604
7128493
9914068
5600300
12358497
10114516
2553145
2626448
11642699
8384980
3145270
3952369
6407651
1032218
3352163
6937313
8063186
12895151
9809686
153724
1525351
8837685
5163916
227349
8067471
5512196
8371795
12260289
12527164
10949715
798712
695046
10809988
5709721
10956216
528994
2036453
9512449
6735581
2877553
4270311
4886362
3759082
13326321
9309728
11036142
6938402
11922722
11226154
3156816
2366457
6486890
13039074
4555664
4609705
6400659
8761934
379275
256626
7677831
9804585
5579562
9302313
13361945
14005296
451974
6109340
13727049
1808772
10746021
4573083
1203262
7290855
11774218
8240517
10066219
9988974
13658658
12018633
11642707
1280502
7184436
11985929
12443025
3969534
13165563
5111063
7795819
1856130
12901783
10845038
7012318
10436735
4900635
5432717
13268051
7508591
7829
6139308
12159790
7462853
4569644
4469514
3846403
3758452
9374676
11539141
212838
8880923
9219997
527384
13979243
681671
13435264
12342695
9882206
1613928
4202417
12722081
5361471
10701774
9941175
9993710
1971344
1172254
12058842
12549958
2687998
11848110
13004993
13541269
8785106
9162001
7156825
13988727
10187567
6125012
11720169
2105707
13863923
10787623
12011800
2667787
1357962
2646012
10529655
9073106
3178848
11172853
4907941
8758737
7593219
13002
9873039
11875470
5396671
366664
10789426
10978837
3455117
12415112
8682699
12170102
4512078
1054372
6245673
3386096
3567427
4988648
12552008
9000382
4315963
145902
5353882
13157546
10654356
8698539
4802012
3021555
9000350
4638878
6841422
907867
4376456
9754084
1631202
6700095
6992081
6957323
3875504
25530
10476279
12737485
8463279
3462950
5739736
11566804
9079186
8894776
4289371
2207059
9226279
11854322
8705536
7434891
3715266
5981469
2089258
1306205
6300947
13920935
5823367
3492410
2751163
181147
9893198
12947691
11295361
126589
1354795
11452505
926669
12213991
941681
6520850
11241735
12235696
3670661
3790607
6972444
6414743
13394161
7821488
1905585
9479171
1414326
8317026
3154404
12391123
5887582
4291098
11176711
13051572
4077852
7173965
13766319
13834122
4774096
2556939
1426640
9926645
4790739
12216161
10611058
4993613
8308010
12485110
4682073
13189246
7167615
5714989
12822488
12883166
13027674
3146833
13380984
3200048
3153519
4987435
4812246
2086169
5183943
4427930
11944331
11564909
2769140
4834632
8665377
12058781
4980856
7970317
7149661
8356515
5457143
2938325
9243182
2260214
12548159
3150293
10210089
8393188
3831468
393810
9802770
6012849
6528773
4968418
11058300
2852183
12587068
5655401
10801588
8080328
7556144
5596789
4816392
2568415
13122565
7049475
1319584
2497714
12950259
7431561
13743450
5312755
1979021
5901906
11836156
7966724
11117624
8981486
13458258
10486646
7464511
7247295
9469013
9584838
10150109
11216585
13204911
7965215
6368065
6835110
13754123
2385273
188300
12628717
1787230
5002718
5440236
3940605
852174
9164890
2364794
6732212
1699568
9624207
7435116
5142422
3084104
3802123
4799223
9871348
11369155
8777163
13028848
10589209
12147980
10801490
11958527
1905432
11101697
7630496
13893725
11549005
13239581
13202618
10639121
10530026
9770985
10640620
10895526
1469607
12806880
9379232
8675368
10246454
8719072
10136831
9507020
4379379
8859917
5574159
12478916
6296066
7247743
9838486
2955267
5975527
2449759
12350507
5509992
2725146
5249248
8664814
13418382
2291623
2449143
6566089
2840535
1966712
8669410
7102115
1983859
6243977
7302970
1463515
13014399
5912595
2968822
11890484
6492171
10488455
918457
2739941
8787268
6799655
9464235
904307
5849981
8820682
11647538
4836482
391042
7714336
4197055
5651837
5609880
12582925
5031205
10273915
5934288
3098103
9845909
12751387
4103079
685210
10726834
5201306
9223154
382508
4343416
2980004
1045206
2386402
2708749
5799652
1570256
9946329
5852549
5982624
2010921
4576814
5141911
2726199
8598532
6655843
2095437
1765812
4055929
9203638
9764916
1312484
2771613
8656106
12827098
11532176
177133
6446343
4744263
12636494
5233634
5155311
751137
3422099
4025723
4524129
6499596
3996380
3013610
10847757
13209400
9549296
3264259
11657963
4038749
7269502
1327931
9553840
12298322
13920334
11506445
8985252
3151644
13182020
11552302
7910731
4150846
9971189
12326234
1341812
3664745
11542136
13988513
7058328
5894867
7399632
4211878
7230307
8237085
13515362
2183240
2292226
3674873
6701575
12749719
4189043
2559471
7311909
1615907
7623571
137653
3769240
10278655
4665438
3234826
3093880
4395646
4704536
3554290
9976394
5354267
11589042
8767185
3332290
12141758
3798636
4849632
9581326
11519807
5480396
4250517
13125083
13946967
2621450
8092882
12675834
5633851
231456
906965
3654697
437792
11232902
939393
13368097
6883945
13118601
6279922
5685394
1814439
2516898
6809458
2225040
11280561
5714913
13054443
11141017
9775328
4684429
7976900
2031074
1676355
4865876
13229728
19534
4762884
10856258
3633933
9920419
1442562
5972589
3875511
13894010
11323894
3222714
8453917
13032207
6321648
11038934
272307
13452697
13581485
2512301
2179005
11000480
6938620
4023341
5923044
10369740
1284542
8384100
11798626
12807700
4103143
2446988
6728054
9397225
12045008
9347909
10260430
10784548
9157827
6883751
4561609
11198377
2668897
8523579
12821737
4410750
2919049
7205099
1627991
1779595
7382419
13801780
10346463
6664852
4182971
6408114
2625046
495500
1977721
5666235
2173311
10594906
2839492
644233
13272898
11092867
13537917
10121118
7222112
1129807
9205142
13102048
11049180
3028900
1473780
6696927
11724505
1691837
13948991
11983864
4746482
5618342
5712515
6957532
11396000
3210279
1530028
11301899
1732827
4476678
1896503
13887900
7322592
7957
3820575
13282225
6891505
5722025
13510596
11443416
6671665
3248875
2788974
6685671
704526
7714993
8240723
2126806
9005582
8657851
7065554
7297983
12663595
12465848
4570134
8821924
10385911
5348262
5492142
10635654
2066850
1750082
4742293
4728041
5998237
12478801
114720
12925618
11667361
10775460
7041866
13384063
3504552
9459814
9636826
8145746
10282485
868403
13759302
595606
11934721
4644282
4674144
3698325
7750119
11436153
12941738
4042715
8341294
11347752
12468566
8538949
1212279
9598782
7956181
6552072
9173564
10810911
7636823
9046366
805974
9036079
3057288
2016954
12486092
1199654
11728773
12494462
12098340
13817402
11158200
11768375
10436397
6002426
8911476
12317314
320064
9369931
6255140
680702
3622160
1450442
4557928
7162553
7874516
8533742
6138182
4153234
7670157
6470751
11109220
12203851
11964410
7759020
11831236
8797150
3259047
2640697
3063065
3343812
2606158
8840867
11050241
4189487
9054529
7138399
8305455
10463602
5704785
10325784
5519497
4825785
8773741
14375278
17133436
21340896
16221418
9438595
942097
3831472
7753218
10298998
18701081
2747445
22864385
18139000
13703542
5928777
13092036
372858
5599267
4111099
1010430
22704506
14530780
9911870
3139875
17172097
11375507
6874116
19051823
15760546
1001736
7337955
9653849
4202133
21032384
12511854
13470744
15603159
5465462
17945993
21163950
22054112
14920521
2714891
13824232
18833016
47649
20527558
1542255
16562432
8480977
12277924
226188
17613716
4886817
13682387
6613340
18473113
8377850
7611512
7323912
4688521
20275970
8680877
1436476
19830916
21978066
15699410
3703046
19503722
4808376
18470867
12635732
16785813
18014873
3098553
2332559
370816
8441205
12087224
18125239
3625370
7740104
6020683
20298376
11640832
18593402
4188939
2991220
12125605
13032548
14005348
22396631
21803872
23427859
16768171
9522361
1422179
23548557
12535851
16797502
4889227
14171270
10333162
21660736
5829054
13120977
9941280
18040803
18460751
9349373
2787536
23282934
3794669
3260395
10444202
390092
6939507
16019413
23331671
7391907
8308974
8878016
15913381
9878296
4323022
13316178
5759873
10705673
3196380
9715298
1684435
20581829
16274571
9726848
10216932
4702508
21461875
20606396
382232
7684930
17372831
3423630
9705527
16517482
11925606
10372725
3998641
6064220
3491337
3592577
8962476
16064410
13483428
3735150
3091040
2401150
8473842
11257046
3784319
22689093
21667779
20927785
7729495
13600103
18835726
8759336
925818
1935677
5207677
12105142
921143
20370406
4161308
19182171
19284869
7485789
2476441
2554610
15288467
5257004
8785445
5635518
6500557
7950745
4849840
11614769
10614833
6773785
15717934
6552004
11540344
11890993
10111837
8052956
22208133
19407385
18934118
587731
16444335
20973145
12424599
10895394
16678395
5476043
3508024
11112257
9896076
20672970
5109324
5291106
1918775
18193924
1846702
6170456
18927949
23415447
19614403
22052450
11862909
12402252
23386776
22027118
14178229
20951237
7361555
6487899
3046141
6185876
11123949
14791697
23330169
12895151
16231109
15172913
22358982
11125421
18750144
22741735
11788168
12098815
22040621
12260289
10929007
21587423
14632734
19765324
2129624
16843017
3543617
14115222
3304218
7583900
2106306
14865624
2176566
16874433
13211623
16964420
7463777
6076475
2474323
19942302
2215398
6794915
4736791
23269432
13811251
13925607
21061855
21419848
7246375
22893661
11142128
4481517
22123048
8362886
11837843
13031553
1026049
11420074
8397076
21581433
1478380
5786354
15788977
13439127
16991190
19546004
12126410
6622111
2245983
18729718
3173073
19744885
19248211
17739546
1790006
17514085
2371377
9638857
1997347
17248360
3123895
7004743
4535008
9382652
20219668
20250216
3586766
11422100
7095601
18140734
19973330
19931576
2668382
16557715
4139122
7484502
14313562
6343558
19723917
1067613
11499051
23219215
21195819
21751029
7516084
4837498
19259706
9717010
5830213
18201635
3793923
1062588
7835852
12394107
6962592
19608661
2440019
17377696
13404733
11810147
22733612
8293120
9077190
23804295
11945325
929393
3627608
1507203
17175710
22853465
18970847
2482833
5055779
4929593
18872143
23211564
1047855
3364850
17175284
1085103
5110617
4742745
19561641
11809504
3981493
20758541
13060637
20415860
2984792
20407163
1968081
7175814
18836535
20918564
21540045
1067970
23403562
3049359
19838246
15638096
1627138
6654968
3351136
16634426
12299169
12023099
426093
8891003
21347394
22934917
19473705
5473644
21421420
21778013
14989683
1014946
17525870
15134832
2401212
11043170
12523971
20575448
2148070
16042927
19158908
2318445
22863620
1275657
15700491
21480247
4182903
23359649
21772925
10246250
13976862
22704754
4238577
23281132
8682195
21489928
6459863
10186840
23208280
9544064
18346403
5534487
21179974
19676131
11101740
19232343
11094689
19239906
21152840
13327730
17780639
17559027
18508921
13446873
23038600
391749
21675718
15405014
18650608
21744133
17108833
22491422
18849114
11197259
4018143
5772532
19225536
22091938
10960315
23164782
10020454
19097041
21090585
10487407
21688506
13206666
9143558
10713985
21142539
11707750
6319121
23012119
694730
23162003
8186227
5536848
21374022
9785743
2849067
18141342
12387578
7048036
2981637
17184279
7333735
1390166
6255200
23027749
13219465
18604975
12282314
15665028
266417
12056485
5606809
3705710
21428724
7185994
20123584
8417426
20922772
993064
18040112
10180555
6146107
12548159
4418058
19745228
13546846
7799959
5712664
12586094
13867233
11434637
11802831
5161260
13489891
12008882
14005373
6502705
18635438
22410137
23316704
11568207
17670202
23677675
22481654
18184724
15918746
14052828
17131896
20330069
9198648
5864914
22188860
3238390
7471136
7590918
11517016
11364513
6187763
12452973
15019081
953845
20139948
10150109
18050998
11606754
6532254
10336556
13669523
13258535
23053708
19588970
7669050
23640832
17486377
2409118
10444626
14933990
18369637
11569541
7669585
23553170
530853
2805841
7347560
3001506
4574300
8685116
13426849
17707980
19910459
7131808
7310297
4652783
23202551
5813693
7059090
4956863
6969712
13398137
15434898
20156592
22820355
7690601
4880780
10873554
13176150
15029213
23901395
13826851
3564790
13911624
16667877
9821641
18239009
13392913
23449657
21343576
22274103
2282993
14315646
4051429
14992144
7861131
22592873
21933027
8988997
20611779
22373610
785169
21313669
10222068
7610477
10799115
20482709
16922351
10068890
22173040
23884657
23837461
3212859
8570735
1380917
5519202
19498823
16472452
4312689
21511360
1973287
1690634
5275471
17137240
23417001
288283
13057574
5767383
21386939
20080108
3403521
22575036
15733916
23597725
9455132
23577589
13355102
9937069
11541680
1635405
10097712
18195881
17657251
23255955
14354036
21694934
4870914
542790
3083234
8311907
5185142
7797021
870843
4831289
12468869
23423858
23945547
5604755
1518545
412764
8132315
17460374
2313209
1268531
2026568
1765045
1352822
1190007
18903973
22413771
4095808
13822311
7223145
5579695
8170666
8444507
11930393
4744263
3790934
3470281
23370814
4637030
22574975
10777538
19625916
8787332
14964480
3868385
1919599
6981968
23218122
1831298
1214246
9275005
12588356
2430500
1810849
20565696
20672149
9577896
470084
23902677
8635343
13674842
4879613
12253024
3743757
23129138
20659884
1571000
12809901
5142953
2676847
6667044
16934771
23529950
2270640
16669655
18916814
13068742
18661778
11777051
23236323
2801590
11023456
20857572
23929255
22284342
11592062
9837988
20634380
5814576
16736107
1471473
12711617
19332237
23692216
21439401
9728600
10590523
12443817
4468302
17331508
22862064
23364502
17333291
2003531
2839443
21684752
22053030
2681366
9482888
16207678
845479
15046168
6571224
2766986
7576182
21622406
1127371
6851421
17143749
1491419
19202408
15901925
9063246
2406482
12617343
9351311
12210910
8729061
19547935
13651895
15424777
1275486
16196751
2673282
812095
4814398
2778924
21152830
15352268
6440957
9833944
9092905
7850218
8487458
20925830
14405159
17296543
20563227
23807553
18324501
19009027
4517039
19907876
17460357
16889653
14720462
7354053
16428921
1518221
2485312
6938620
2507782
8623770
1441582
6190406
9156277
2787870
22425437
23173421
9446597
7500231
10499794
85732
21666372
3950400
23433403
17094809
18954420
1117501
18032790
7822555
7945393
8522854
966642
13969747
15472473
18410533
3984733
12783871
11708035
9685679
19231109
20965513
20159538
2294654
20998739
1316937
12335452
3028086
1418954
15323151
6128283
2746583
12112838
3424592
23872542
2675435
7551230
17224722
5606851
9616219
21244403
7040428
4603182
6764838
10896584
22298963
15704561
18745700
8236470
19298743
19110799
11148206
5498015
22033267
7775193
5370926
2465531
22482340
6310105
12476250
18995637
1892026
19703648
6230721
2690907
19932019
15164113
16124206
3166277
23374811
13520084
7621537
8817562
14662146
3064179
23942173
5626733
8250721
14132396
20930969
7671377
22455245
15656337
11158088
20450049
13594320
14769341
9838636
11202623
22544806
3129884
3987090
16034302
17917233
18327070
6872890
23424315
16494407
11620710
10008573
13676099
1976433
4701638
4137651
11753905
21778882
16882560
7470642
5664253
6796684
171619
9872659
18435762
22559475
21680032
22010120
23831411
23684460
11239675
12097781
22165039
21707605
3355758
15677585
14449010
16841570
11581896
5877034
4572000
12179437
4717680
5321287
1889233
16965029
16710747
19952724
6652597
13858926
14551699
2858602
19671252
11281810
21852453
21153695
13255824
20336956
11235812
6405484
6769296
1692006
12316211
14461135
7018183
12807399
17739462
10453481
3026643
12376985
6554605
18964019
2799353
21614169
17064524
2598263
3495472
7196752
9765235
2440962
9860838
22183537
14744597
8724137
6477615
18088388
14514691
16672885
4511342
6787262
18412013
